 RUN:  data/cwarner/auto2012b          
 
			Max	Min	Mean	Max	Min	Mean	Max	Min	Mean	Max	Min	Mean	Max	Min	Mean	Max	Min	Mean	Max	Min	Mean	Max	Min	Mean	Max	Min	Mean	Max	Min	Mean	Max	Min	Mean	Max	Min	Mean	Max	Min	Mean	Max	Min	Mean	Max	Min	Mean	Max	Min	Mean	Max	Min	Mean
DOY	DAY	Ndays	Tmean	Tmean	Tmean	VP	VP	VP	TFac	TFac	TFac	Rate	Rate	Rate	PRel	PRel	PRel	CumPRel	CumPRel	CumPRel	CRF_P	CRF_P	CRF_P	PDemand	PDemand	PDemand	FD	FD	FD	AvT	AvT	AvT	AvFD	AvFD	AvFD	PRel2	PRel2	PRel2	CRF_P2	CRF_P2	CRF_P2	AvT2	AvT2	AvT2	FD2	FD2	FD2	SUB_P	SUB_P	SUB_P	RD2	RD2	RD2
289	1	1	22.65	22.65	22.65	2.751	2.751	2.751	1.103	1.103	1.103	0.00000	0.00000	0	0.00000	0.00000	0	0.00000	0.00000	0	0.43600	0.43600	0.436	0.00007	0.00007	7.E-5	234.9	234.9	234.9	22.7	22.7	22.7	234.9	234.9	234.9	0.00000	0.00000	0	0.00000	0.00000	0	0.0	0.0	0	0.0	0.0	0	0.08614	0.08614	0.08614	-99	-99	-99
316	2	1	9.95	9.95	9.95	1.241	1.241	1.241	0.784	0.784	0.784	0.00007	0.00007	7.E-5	0.00003	0.00003	3.E-5	0.00003	0.00003	3.E-5	0.43596	0.43596	0.43596	0.00003	0.00003	3.E-5	330.3	330.3	330.3	16.4	16.4	16.4	282.6	282.6	282.6	0.00000	0.00000	0	0.00000	0.00000	0	0.0	0.0	0	0.0	0.0	0	0.08614	0.08614	0.08614	-99	-99	-99
317	3	1	15.10	15.10	15.1	1.737	1.737	1.737	0.889	0.889	0.889	0.00014	0.00014	0.00014	0.00006	0.00006	6.E-5	0.00009	0.00009	9.E-5	0.43590	0.43590	0.43590	0.00008	0.00008	8.E-5	291.4	291.4	291.4	16.0	16.0	16	285.5	285.5	285.5	0.00000	0.00000	0	0.00000	0.00000	0	0.0	0.0	0	0.0	0.0	0	0.08611	0.08611	0.08611	-99	-99	-99
318	4	1	18.00	18.00	18	2.091	2.091	2.091	0.963	0.963	0.963	0.00022	0.00022	0.00022	0.00009	0.00009	9.E-5	0.00019	0.00019	0.00019	0.43580	0.43580	0.43580	0.00009	0.00009	9.E-5	268.8	268.8	268.8	16.6	16.6	16.6	281.3	281.3	281.3	0.00000	0.00000	0	0.00000	0.00000	0	0.0	0.0	0	0.0	0.0	0	0.08611	0.08611	0.08611	-99	-99	-99
319	5	1	21.80	21.80	21.8	2.630	2.630	2.63	1.077	1.077	1.077	0.00034	0.00034	0.00034	0.00015	0.00015	0.00015	0.00034	0.00034	0.00034	0.43565	0.43565	0.43565	0.00010	0.00010	0.00010	240.4	240.4	240.4	17.6	17.6	17.6	273.2	273.2	273.2	0.00000	0.00000	0	0.00000	0.00000	0	0.0	0.0	0	0.0	0.0	0	0.08616	0.08616	0.08616	-99	-99	-99
320	6	1	24.75	24.75	24.75	3.144	3.144	3.144	1.186	1.186	1.186	0.00050	0.00050	0.00050	0.00022	0.00022	0.00022	0.00056	0.00056	0.00056	0.43543	0.43543	0.43543	0.00011	0.00011	0.00011	218.5	218.5	218.5	18.8	18.8	18.8	264.0	264.0	264	0.00000	0.00000	0	0.00000	0.00000	0	0.0	0.0	0	0.0	0.0	0	0.08626	0.08626	0.08626	-99	-99	-99
321	7	1	19.05	19.05	19.05	2.215	2.215	2.215	0.990	0.990	0.99	0.00041	0.00041	0.00041	0.00018	0.00018	0.00018	0.00074	0.00074	0.00074	0.43525	0.43525	0.43525	0.00009	0.00009	9.E-5	261.7	261.7	261.7	18.9	18.9	18.9	263.7	263.7	263.7	0.00000	0.00000	0	0.00000	0.00000	0	0.0	0.0	0	0.0	0.0	0	0.08413	0.08413	0.08413	-99	-99	-99
322	8	1	13.50	13.50	13.5	1.556	1.556	1.556	0.851	0.851	0.851	0.00034	0.00034	0.00034	0.00015	0.00015	0.00015	0.00089	0.00089	0.00089	0.43510	0.43510	0.43510	0.00007	0.00007	7.E-5	304.5	304.5	304.5	18.2	18.2	18.2	268.8	268.8	268.8	0.00000	0.00000	0	0.00000	0.00000	0	0.0	0.0	0	0.0	0.0	0	0.08421	0.08421	0.08421	-99	-99	-99
323	9	1	15.25	15.25	15.25	1.752	1.752	1.752	0.892	0.892	0.892	0.00043	0.00043	0.00043	0.00018	0.00018	0.00018	0.00108	0.00108	0.00108	0.43491	0.43491	0.43491	0.00010	0.00010	0.00010	290.4	290.4	290.4	17.9	17.9	17.9	271.2	271.2	271.2	0.00000	0.00000	0	0.00000	0.00000	0	0.0	0.0	0	0.0	0.0	0	0.08430	0.08430	0.08430	-99	-99	-99
324	10	1	20.60	20.60	20.6	2.428	2.428	2.428	1.034	1.034	1.034	0.00064	0.00064	0.00064	0.00028	0.00028	0.00028	0.00136	0.00136	0.00136	0.43463	0.43463	0.43463	0.00007	0.00007	7.E-5	250.4	250.4	250.4	18.2	18.2	18.2	269.1	269.1	269.1	0.00000	0.00000	0	0.00000	0.00000	0	0.0	0.0	0	0.0	0.0	0	0.08451	0.08451	0.08451	-99	-99	-99
325	11	1	19.75	19.75	19.75	2.324	2.324	2.324	1.013	1.013	1.013	0.00067	0.00067	0.00067	0.00029	0.00029	0.00029	0.00165	0.00165	0.00165	0.43434	0.43434	0.43434	0.00011	0.00011	0.00011	255.8	255.8	255.8	18.3	18.3	18.3	267.9	267.9	267.9	0.00000	0.00000	0	0.00000	0.00000	0	0.0	0.0	0	0.0	0.0	0	0.08469	0.08469	0.08469	-99	-99	-99
326	12	1	20.45	20.45	20.45	2.433	2.433	2.433	1.036	1.036	1.036	0.00077	0.00077	0.00077	0.00033	0.00033	0.00033	0.00199	0.00199	0.00199	0.43400	0.43400	0.43400	0.00012	0.00012	0.00012	250.1	250.1	250.1	18.5	18.5	18.5	266.4	266.4	266.4	0.00000	0.00000	0	0.00000	0.00000	0	0.0	0.0	0	0.0	0.0	0	0.08491	0.08491	0.08491	-99	-99	-99
327	13	1	19.15	19.15	19.15	2.228	2.228	2.228	0.992	0.992	0.992	0.00076	0.00076	0.00076	0.00033	0.00033	0.00033	0.00233	0.00233	0.00233	0.43366	0.43366	0.43366	0.00011	0.00011	0.00011	261.0	261.0	261	18.6	18.6	18.6	266.0	266.0	266	0.00000	0.00000	0	0.00000	0.00000	0	0.0	0.0	0	0.0	0.0	0	0.08334	0.08334	0.08334	-99	-99	-99
328	14	1	15.00	15.00	15	1.710	1.710	1.71	0.883	0.883	0.883	0.00065	0.00065	0.00065	0.00028	0.00028	0.00028	0.00261	0.00261	0.00261	0.43338	0.43338	0.43338	0.00009	0.00009	9.E-5	293.2	293.2	293.2	18.3	18.3	18.3	267.9	267.9	267.9	0.00000	0.00000	0	0.00000	0.00000	0	0.0	0.0	0	0.0	0.0	0	0.08353	0.08353	0.08353	-99	-99	-99
329	15	1	16.40	16.40	16.4	1.890	1.890	1.89	0.921	0.921	0.921	0.00076	0.00076	0.00076	0.00033	0.00033	0.00033	0.00295	0.00295	0.00295	0.43304	0.43304	0.43304	0.00011	0.00011	0.00011	281.2	281.2	281.2	18.2	18.2	18.2	268.8	268.8	268.8	0.00000	0.00000	0	0.00000	0.00000	0	0.0	0.0	0	0.0	0.0	0	0.08375	0.08375	0.08375	-99	-99	-99
330	16	1	18.55	18.55	18.55	2.151	2.151	2.151	0.976	0.976	0.976	0.00091	0.00091	0.00091	0.00039	0.00039	0.00039	0.00335	0.00335	0.00335	0.43265	0.43265	0.43265	0.00012	0.00012	0.00012	265.4	265.4	265.4	18.2	18.2	18.2	268.6	268.6	268.6	0.00000	0.00000	0	0.00000	0.00000	0	0.0	0.0	0	0.0	0.0	0	0.08402	0.08402	0.08402	-99	-99	-99
331	17	1	19.90	19.90	19.9	2.351	2.351	2.351	1.018	1.018	1.018	0.00105	0.00105	0.00105	0.00046	0.00046	0.00046	0.00381	0.00381	0.00381	0.43218	0.43218	0.43218	0.00013	0.00013	0.00013	254.3	254.3	254.3	18.3	18.3	18.3	267.8	267.8	267.8	0.00000	0.00000	0	0.00000	0.00000	0	0.0	0.0	0	0.0	0.0	0	0.08435	0.08435	0.08435	-99	-99	-99
332	18	1	17.00	17.00	17	1.957	1.957	1.957	0.935	0.935	0.935	0.00094	0.00094	0.00094	0.00041	0.00041	0.00041	0.00422	0.00422	0.00422	0.43177	0.43177	0.43177	0.00013	0.00013	0.00013	277.0	277.0	277	18.3	18.3	18.3	268.3	268.3	268.3	0.00000	0.00000	0	0.00000	0.00000	0	0.0	0.0	0	0.0	0.0	0	0.08411	0.08411	0.08411	-99	-99	-99
333	19	1	11.35	11.35	11.35	1.344	1.344	1.344	0.806	0.806	0.806	0.00074	0.00074	0.00074	0.00032	0.00032	0.00032	0.00454	0.00454	0.00454	0.43145	0.43145	0.43145	0.00005	0.00005	5.E-5	321.4	321.4	321.4	17.9	17.9	17.9	271.1	271.1	271.1	0.00000	0.00000	0	0.00000	0.00000	0	0.0	0.0	0	0.0	0.0	0	0.08438	0.08438	0.08438	-99	-99	-99
334	20	1	7.90	7.90	7.9	1.076	1.076	1.076	0.749	0.749	0.749	0.00067	0.00067	0.00067	0.00029	0.00029	0.00029	0.00484	0.00484	0.00484	0.43115	0.43115	0.43115	0.00001	0.00001	1.E-5	345.6	345.6	345.6	17.4	17.4	17.4	274.8	274.8	274.8	0.00000	0.00000	0	0.00000	0.00000	0	0.0	0.0	0	0.0	0.0	0	0.08465	0.08465	0.08465	-99	-99	-99
335	21	1	9.05	9.05	9.05	1.166	1.166	1.166	0.768	0.768	0.768	0.00074	0.00074	0.00074	0.00032	0.00032	0.00032	0.00516	0.00516	0.00516	0.43083	0.43083	0.43083	0.00003	0.00003	3.E-5	337.1	337.1	337.1	17.0	17.0	17	277.8	277.8	277.8	0.00000	0.00000	0	0.00000	0.00000	0	0.0	0.0	0	0.0	0.0	0	0.08494	0.08494	0.08494	-99	-99	-99
336	22	1	12.40	12.40	12.4	1.458	1.458	1.458	0.830	0.830	0.83	0.00091	0.00091	0.00091	0.00039	0.00039	0.00039	0.00556	0.00556	0.00556	0.43043	0.43043	0.43043	0.00009	0.00009	9.E-5	312.0	312.0	312	16.8	16.8	16.8	279.3	279.3	279.3	0.00000	0.00000	0	0.00000	0.00000	0	0.0	0.0	0	0.0	0.0	0	0.08525	0.08525	0.08525	-99	-99	-99
337	23	1	14.45	14.45	14.45	1.666	1.666	1.666	0.874	0.874	0.874	0.00105	0.00105	0.00105	0.00046	0.00046	0.00046	0.00602	0.00602	0.00602	0.42997	0.42997	0.42997	0.00011	0.00011	0.00011	296.4	296.4	296.4	16.7	16.7	16.7	280.1	280.1	280.1	0.00000	0.00000	0	0.00000	0.00000	0	0.0	0.0	0	0.0	0.0	0	0.08559	0.08559	0.08559	-99	-99	-99
338	24	1	17.35	17.35	17.35	1.998	1.998	1.998	0.944	0.944	0.944	0.00128	0.00128	0.00128	0.00056	0.00056	0.00056	0.00658	0.00658	0.00658	0.42941	0.42941	0.42941	0.00015	0.00015	0.00015	274.4	274.4	274.4	16.8	16.8	16.8	279.8	279.8	279.8	0.00000	0.00000	0	0.00000	0.00000	0	0.0	0.0	0	0.0	0.0	0	0.08599	0.08599	0.08599	-99	-99	-99
339	25	1	17.45	17.45	17.45	1.998	1.998	1.998	0.944	0.944	0.944	0.00133	0.00133	0.00133	0.00058	0.00058	0.00058	0.00716	0.00716	0.00716	0.42883	0.42883	0.42883	0.00012	0.00012	0.00012	274.4	274.4	274.4	16.8	16.8	16.8	279.6	279.6	279.6	0.00000	0.00000	0	0.00000	0.00000	0	0.0	0.0	0	0.0	0.0	0	0.08646	0.08646	0.08646	-99	-99	-99
340	26	1	20.00	20.00	20	2.360	2.360	2.36	1.020	1.020	1.02	0.00162	0.00162	0.00162	0.00070	0.00070	0.00070	0.00787	0.00787	0.00787	0.42812	0.42812	0.42812	0.00017	0.00017	0.00017	253.9	253.9	253.9	16.9	16.9	16.9	278.6	278.6	278.6	0.00000	0.00000	0	0.00000	0.00000	0	0.0	0.0	0	0.0	0.0	0	0.08699	0.08699	0.08699	-99	-99	-99
341	27	1	15.00	15.00	15	1.714	1.714	1.714	0.884	0.884	0.884	0.00126	0.00126	0.00126	0.00055	0.00055	0.00055	0.00842	0.00842	0.00842	0.42757	0.42757	0.42757	0.00012	0.00012	0.00012	293.0	293.0	293	16.9	16.9	16.9	279.2	279.2	279.2	0.00000	0.00000	0	0.00000	0.00000	0	0.0	0.0	0	0.0	0.0	0	0.08691	0.08691	0.08691	-99	-99	-99
342	28	1	7.75	7.75	7.75	1.057	1.057	1.057	0.745	0.745	0.745	0.00093	0.00093	0.00093	0.00040	0.00040	0.00040	0.00883	0.00883	0.00883	0.42716	0.42716	0.42716	0.00001	0.00001	1.E-5	347.4	347.4	347.4	16.5	16.5	16.5	281.6	281.6	281.6	0.00000	0.00000	0	0.00000	0.00000	0	0.0	0.0	0	0.0	0.0	0	0.08731	0.08731	0.08731	-99	-99	-99
343	29	1	15.55	15.55	15.55	1.787	1.787	1.787	0.899	0.899	0.899	0.00140	0.00140	0.00140	0.00061	0.00061	0.00061	0.00945	0.00945	0.00945	0.42655	0.42655	0.42655	0.00015	0.00015	0.00015	288.0	288.0	288	16.5	16.5	16.5	281.8	281.8	281.8	0.00000	0.00000	0	0.00000	0.00000	0	0.0	0.0	0	0.0	0.0	0	0.08776	0.08776	0.08776	-99	-99	-99
344	30	1	13.15	13.15	13.15	1.516	1.516	1.516	0.842	0.842	0.842	0.00127	0.00127	0.00127	0.00055	0.00055	0.00055	0.01000	0.01000	0.01000	0.42599	0.42599	0.42599	0.00012	0.00012	0.00012	307.5	307.5	307.5	16.4	16.4	16.4	282.7	282.7	282.7	0.00000	0.00000	0	0.00000	0.00000	0	0.0	0.0	0	0.0	0.0	0	0.08816	0.08816	0.08816	-99	-99	-99
345	31	1	13.80	13.80	13.8	1.578	1.578	1.578	0.855	0.855	0.855	0.00136	0.00136	0.00136	0.00059	0.00059	0.00059	0.01060	0.01060	0.01060	0.42539	0.42539	0.42539	0.00009	0.00009	9.E-5	302.8	302.8	302.8	16.3	16.3	16.3	283.3	283.3	283.3	0.00000	0.00000	0	0.00000	0.00000	0	0.0	0.0	0	0.0	0.0	0	0.08866	0.08866	0.08866	-99	-99	-99
346	32	1	13.65	13.65	13.65	1.563	1.563	1.563	0.852	0.852	0.852	0.00139	0.00139	0.00139	0.00060	0.00060	0.00060	0.01121	0.01121	0.01121	0.42478	0.42478	0.42478	0.00011	0.00011	0.00011	303.9	303.9	303.9	16.2	16.2	16.2	284.0	284.0	284	0.00000	0.00000	0	0.00000	0.00000	0	0.0	0.0	0	0.0	0.0	0	0.08710	0.08710	0.08710	-99	-99	-99
347	33	1	14.15	14.15	14.15	1.615	1.615	1.615	0.863	0.863	0.863	0.00147	0.00147	0.00147	0.00064	0.00064	0.00064	0.01185	0.01185	0.01185	0.42414	0.42414	0.42414	0.00008	0.00008	8.E-5	300.1	300.1	300.1	16.2	16.2	16.2	284.5	284.5	284.5	0.00000	0.00000	0	0.00000	0.00000	0	0.0	0.0	0	0.0	0.0	0	0.08766	0.08766	0.08766	-99	-99	-99
348	34	1	15.80	15.80	15.8	1.798	1.798	1.798	0.902	0.902	0.902	0.00166	0.00166	0.00166	0.00072	0.00072	0.00072	0.01257	0.01257	0.01257	0.42342	0.42342	0.42342	0.00013	0.00013	0.00013	287.2	287.2	287.2	16.2	16.2	16.2	284.5	284.5	284.5	0.00000	0.00000	0	0.00000	0.00000	0	0.0	0.0	0	0.0	0.0	0	0.08825	0.08825	0.08825	-99	-99	-99
349	35	1	16.30	16.30	16.3	1.868	1.868	1.868	0.917	0.917	0.917	0.00176	0.00176	0.00176	0.00077	0.00077	0.00077	0.01334	0.01334	0.01334	0.42265	0.42265	0.42265	0.00017	0.00017	0.00017	282.6	282.6	282.6	16.2	16.2	16.2	284.5	284.5	284.5	0.00000	0.00000	0	0.00000	0.00000	0	0.0	0.0	0	0.0	0.0	0	0.08884	0.08884	0.08884	-99	-99	-99
350	36	1	16.40	16.40	16.4	1.875	1.875	1.875	0.918	0.918	0.918	0.00182	0.00182	0.00182	0.00079	0.00079	0.00079	0.01414	0.01414	0.01414	0.42185	0.42185	0.42185	0.00018	0.00018	0.00018	282.1	282.1	282.1	16.2	16.2	16.2	284.4	284.4	284.4	0.00000	0.00000	0	0.00000	0.00000	0	0.0	0.0	0	0.0	0.0	0	0.08945	0.08945	0.08945	-99	-99	-99
351	37	1	15.90	15.90	15.9	1.813	1.813	1.813	0.905	0.905	0.905	0.00182	0.00182	0.00182	0.00079	0.00079	0.00079	0.01493	0.01493	0.01493	0.42106	0.42106	0.42106	0.00018	0.00018	0.00018	286.2	286.2	286.2	16.2	16.2	16.2	284.5	284.5	284.5	0.00000	0.00000	0	0.00000	0.00000	0	0.0	0.0	0	0.0	0.0	0	0.09006	0.09006	0.09006	-99	-99	-99
352	38	1	10.00	10.00	10	1.232	1.232	1.232	0.782	0.782	0.782	0.00139	0.00139	0.00139	0.00060	0.00060	0.00060	0.01554	0.01554	0.01554	0.42045	0.42045	0.42045	0.00008	0.00008	8.E-5	331.0	331.0	331	16.0	16.0	16	285.7	285.7	285.7	0.00000	0.00000	0	0.00000	0.00000	0	0.0	0.0	0	0.0	0.0	0	0.09059	0.09059	0.09059	-99	-99	-99
353	39	1	13.05	13.05	13.05	1.520	1.520	1.52	0.843	0.843	0.843	0.00166	0.00166	0.00166	0.00072	0.00072	0.00072	0.01627	0.01627	0.01627	0.41972	0.41972	0.41972	0.00013	0.00013	0.00013	307.2	307.2	307.2	15.9	15.9	15.9	286.2	286.2	286.2	0.00000	0.00000	0	0.00000	0.00000	0	0.0	0.0	0	0.0	0.0	0	0.09118	0.09118	0.09118	-99	-99	-99
354	40	1	16.20	16.20	16.2	1.859	1.859	1.859	0.915	0.915	0.915	0.00201	0.00201	0.00201	0.00087	0.00087	0.00087	0.01714	0.01714	0.01714	0.41885	0.41885	0.41885	0.00019	0.00019	0.00019	283.2	283.2	283.2	15.9	15.9	15.9	286.2	286.2	286.2	0.00000	0.00000	0	0.00000	0.00000	0	0.0	0.0	0	0.0	0.0	0	0.09186	0.09186	0.09186	-99	-99	-99
355	41	1	18.75	18.75	18.75	2.178	2.178	2.178	0.982	0.982	0.982	0.00237	0.00237	0.00237	0.00103	0.00103	0.00103	0.01818	0.01818	0.01818	0.41781	0.41781	0.41781	0.00025	0.00025	0.00025	263.8	263.8	263.8	16.0	16.0	16	285.6	285.6	285.6	0.00000	0.00000	0	0.00000	0.00000	0	0.0	0.0	0	0.0	0.0	0	0.09264	0.09264	0.09264	-99	-99	-99
356	42	1	19.50	19.50	19.5	2.270	2.270	2.27	1.001	1.001	1.001	0.00253	0.00253	0.00253	0.00110	0.00110	0.00110	0.01928	0.01928	0.01928	0.41671	0.41671	0.41671	0.00021	0.00021	0.00021	258.7	258.7	258.7	16.1	16.1	16.1	285.0	285.0	285	0.00000	0.00000	0	0.00000	0.00000	0	0.0	0.0	0	0.0	0.0	0	0.09353	0.09353	0.09353	-99	-99	-99
357	43	1	21.45	21.45	21.45	2.582	2.582	2.582	1.067	1.067	1.067	0.00294	0.00294	0.00294	0.00128	0.00128	0.00128	0.02056	0.02056	0.02056	0.41543	0.41543	0.41543	0.00030	0.00030	0.00030	242.7	242.7	242.7	16.2	16.2	16.2	284.0	284.0	284	0.00000	0.00000	0	0.00000	0.00000	0	0.0	0.0	0	0.0	0.0	0	0.09448	0.09448	0.09448	-99	-99	-99
358	44	1	18.85	18.85	18.85	2.182	2.182	2.182	0.983	0.983	0.983	0.00255	0.00255	0.00255	0.00111	0.00111	0.00111	0.02168	0.02168	0.02168	0.41431	0.41431	0.41431	0.00026	0.00026	0.00026	263.6	263.6	263.6	16.3	16.3	16.3	283.5	283.5	283.5	0.00000	0.00000	0	0.00000	0.00000	0	0.0	0.0	0	0.0	0.0	0	0.09532	0.09532	0.09532	-99	-99	-99
359	45	1	19.00	19.00	19	2.208	2.208	2.208	0.988	0.988	0.988	0.00264	0.00264	0.00264	0.00115	0.00115	0.00115	0.02283	0.02283	0.02283	0.41316	0.41316	0.41316	0.00029	0.00029	0.00029	262.1	262.1	262.1	16.3	16.3	16.3	283.1	283.1	283.1	0.00000	0.00000	0	0.00000	0.00000	0	0.0	0.0	0	0.0	0.0	0	0.09618	0.09618	0.09618	-99	-99	-99
360	46	1	16.85	16.85	16.85	1.924	1.924	1.924	0.928	0.928	0.928	0.00238	0.00238	0.00238	0.00103	0.00103	0.00103	0.02387	0.02387	0.02387	0.41212	0.41212	0.41212	0.00026	0.00026	0.00026	279.0	279.0	279	16.4	16.4	16.4	283.0	283.0	283	0.00000	0.00000	0	0.00000	0.00000	0	0.0	0.0	0	0.0	0.0	0	0.09695	0.09695	0.09695	-99	-99	-99
361	47	1	14.25	14.25	14.25	1.632	1.632	1.632	0.867	0.867	0.867	0.00212	0.00212	0.00212	0.00092	0.00092	0.00092	0.02479	0.02479	0.02479	0.41120	0.41120	0.41120	0.00024	0.00024	0.00024	298.8	298.8	298.8	16.3	16.3	16.3	283.3	283.3	283.3	0.00000	0.00000	0	0.00000	0.00000	0	0.0	0.0	0	0.0	0.0	0	0.09643	0.09643	0.09643	-99	-99	-99
362	48	1	8.65	8.65	8.65	1.123	1.123	1.123	0.759	0.759	0.759	0.00166	0.00166	0.00166	0.00072	0.00072	0.00072	0.02552	0.02552	0.02552	0.41047	0.41047	0.41047	0.00004	0.00004	4.E-5	341.1	341.1	341.1	16.2	16.2	16.2	284.5	284.5	284.5	0.00000	0.00000	0	0.00000	0.00000	0	0.0	0.0	0	0.0	0.0	0	0.09711	0.09711	0.09711	-99	-99	-99
363	49	1	10.55	10.55	10.55	1.286	1.286	1.286	0.794	0.794	0.794	0.00185	0.00185	0.00185	0.00080	0.00080	0.00080	0.02632	0.02632	0.02632	0.40967	0.40967	0.40967	0.00014	0.00014	0.00014	326.3	326.3	326.3	16.0	16.0	16	285.4	285.4	285.4	0.00000	0.00000	0	0.00000	0.00000	0	0.0	0.0	0	0.0	0.0	0	0.09777	0.09777	0.09777	-99	-99	-99
364	50	1	12.05	12.05	12.05	1.419	1.419	1.419	0.822	0.822	0.822	0.00202	0.00202	0.00202	0.00088	0.00088	0.00088	0.02721	0.02721	0.02721	0.40878	0.40878	0.40878	0.00017	0.00017	0.00017	315.2	315.2	315.2	16.0	16.0	16	286.0	286.0	286	0.00000	0.00000	0	0.00000	0.00000	0	0.0	0.0	0	0.0	0.0	0	0.09848	0.09848	0.09848	-99	-99	-99
365	51	1	17.00	17.00	17	1.941	1.941	1.941	0.932	0.932	0.932	0.00266	0.00266	0.00266	0.00116	0.00116	0.00116	0.02837	0.02837	0.02837	0.40762	0.40762	0.40762	0.00025	0.00025	0.00025	278.0	278.0	278	16.0	16.0	16	285.8	285.8	285.8	0.00000	0.00000	0	0.00000	0.00000	0	0.0	0.0	0	0.0	0.0	0	0.09939	0.09939	0.09939	-99	-99	-99
1	52	1	15.90	15.90	15.9	1.819	1.819	1.819	0.906	0.906	0.906	0.00256	0.00256	0.00256	0.00111	0.00111	0.00111	0.02949	0.02949	0.02949	0.40650	0.40650	0.40650	0.00029	0.00029	0.00029	285.8	285.8	285.8	16.0	16.0	16	285.8	285.8	285.8	0.00000	0.00000	0	0.00000	0.00000	0	0.0	0.0	0	0.0	0.0	0	0.10022	0.10022	0.10022	-99	-99	-99
2	53	1	10.90	10.90	10.9	1.310	1.310	1.31	0.799	0.799	0.799	0.00203	0.00203	0.00203	0.00088	0.00088	0.00088	0.03037	0.03037	0.03037	0.40562	0.40562	0.40562	0.00018	0.00018	0.00018	324.2	324.2	324.2	15.9	15.9	15.9	286.5	286.5	286.5	0.00000	0.00000	0	0.00000	0.00000	0	0.0	0.0	0	0.0	0.0	0	0.10092	0.10092	0.10092	-99	-99	-99
3	54	1	1.25	1.25	1.25	0.675	0.675	0.675	0.665	0.665	0.665	0.00143	0.00143	0.00143	0.00062	0.00062	0.00062	0.03100	0.03100	0.03100	0.40499	0.40499	0.40499	0.00000	0.00000	1.E-6	389.6	389.6	389.6	15.6	15.6	15.6	288.4	288.4	288.4	0.00000	0.00000	0	0.00000	0.00000	0	0.0	0.0	0	0.0	0.0	0	0.10154	0.10154	0.10154	-99	-99	-99
4	55	1	2.80	2.80	2.8	0.754	0.754	0.754	0.681	0.681	0.681	0.00153	0.00153	0.00153	0.00066	0.00066	0.00066	0.03167	0.03167	0.03167	0.40432	0.40432	0.40432	0.00000	0.00000	1.E-6	380.1	380.1	380.1	15.4	15.4	15.4	290.1	290.1	290.1	0.00000	0.00000	0	0.00000	0.00000	0	0.0	0.0	0	0.0	0.0	0	0.10221	0.10221	0.10221	-99	-99	-99
5	56	1	8.10	8.10	8.1	1.090	1.090	1.09	0.752	0.752	0.752	0.00190	0.00190	0.00190	0.00083	0.00083	0.00083	0.03250	0.03250	0.03250	0.40349	0.40349	0.40349	0.00003	0.00003	3.E-5	344.3	344.3	344.3	15.3	15.3	15.3	291.1	291.1	291.1	0.00000	0.00000	0	0.00000	0.00000	0	0.0	0.0	0	0.0	0.0	0	0.10301	0.10301	0.10301	-99	-99	-99
6	57	1	12.75	12.75	12.75	1.484	1.484	1.484	0.835	0.835	0.835	0.00239	0.00239	0.00239	0.00104	0.00104	0.00104	0.03354	0.03354	0.03354	0.40245	0.40245	0.40245	0.00021	0.00021	0.00021	310.0	310.0	310	15.2	15.2	15.2	291.4	291.4	291.4	0.00000	0.00000	0	0.00000	0.00000	0	0.0	0.0	0	0.0	0.0	0	0.10383	0.10383	0.10383	-99	-99	-99
7	58	1	14.55	14.55	14.55	1.668	1.668	1.668	0.874	0.874	0.874	0.00266	0.00266	0.00266	0.00116	0.00116	0.00116	0.03470	0.03470	0.03470	0.40129	0.40129	0.40129	0.00026	0.00026	0.00026	296.2	296.2	296.2	15.2	15.2	15.2	291.5	291.5	291.5	0.00000	0.00000	0	0.00000	0.00000	0	0.0	0.0	0	0.0	0.0	0	0.10473	0.10473	0.10473	-99	-99	-99
8	59	1	15.10	15.10	15.1	1.723	1.723	1.723	0.886	0.886	0.886	0.00278	0.00278	0.00278	0.00121	0.00121	0.00121	0.03591	0.03591	0.03591	0.40008	0.40008	0.40008	0.00025	0.00025	0.00025	292.4	292.4	292.4	15.2	15.2	15.2	291.5	291.5	291.5	0.00000	0.00000	0	0.00000	0.00000	0	0.0	0.0	0	0.0	0.0	0	0.10568	0.10568	0.10568	-99	-99	-99
9	60	1	15.70	15.70	15.7	1.797	1.797	1.797	0.901	0.901	0.901	0.00292	0.00292	0.00292	0.00127	0.00127	0.00127	0.03719	0.03719	0.03719	0.39880	0.39880	0.39880	0.00030	0.00030	0.00030	287.3	287.3	287.3	15.2	15.2	15.2	291.4	291.4	291.4	0.00000	0.00000	0	0.00000	0.00000	0	0.0	0.0	0	0.0	0.0	0	0.10666	0.10666	0.10666	-99	-99	-99
10	61	1	15.70	15.70	15.7	1.796	1.796	1.796	0.901	0.901	0.901	0.00297	0.00297	0.00297	0.00129	0.00129	0.00129	0.03849	0.03849	0.03849	0.39750	0.39750	0.39750	0.00031	0.00031	0.00031	287.3	287.3	287.3	15.2	15.2	15.2	291.4	291.4	291.4	0.00000	0.00000	0	0.00000	0.00000	0	0.0	0.0	0	0.0	0.0	0	0.10764	0.10764	0.10764	-99	-99	-99
