 RUN:  data/cwarner/auto2012           
 
  YR DOY DAY     SubP  DrCm3  DrPconc   DrainP PRelease    PUptake     CumDr  CumDrP  ROcm3 RO_Pconc     Ro_P   CumRoP        THRU_P      IrP   CumIrP
1999 289   1 0.086141   65.5 0.000015 0.000983 0.000000 0.000077     65.5 0.000983   74.3 0.000013 0.000983 0.000983 0.000000 0.000000 0.000000
2011 316   2 0.086140    0.0 0.000000 0.000000 0.000032 0.000033     65.5 0.000983    0.0 0.000000 0.000000 0.000983 0.000000 0.000000 0.000000
2011 317   3 0.086116    0.0 0.000000 0.000000 0.000062 0.000086     65.5 0.000983    6.8 0.000000 0.000000 0.000983 0.000000 0.000000 0.000000
2011 318   4 0.086117    0.0 0.000000 0.000000 0.000097 0.000096     65.5 0.000983    7.4 0.000000 0.000000 0.000983 0.000000 0.000000 0.000000
2011 319   5 0.086161    0.0 0.000000 0.000000 0.000152 0.000108     65.5 0.000983    8.6 0.000000 0.000000 0.000983 0.000000 0.000000 0.000000
2011 320   6 0.086266    0.0 0.000000 0.000000 0.000221 0.000116     65.5 0.000983    7.2 0.000000 0.000000 0.000983 0.000000 0.000000 0.000000
2011 321   7 0.084138  271.4 0.000008 0.002210 0.000180 0.000098    336.8 0.003193  311.2 0.000007 0.002210 0.003193 0.000000 0.000000 0.000000
2011 322   8 0.084214    0.0 0.000000 0.000000 0.000152 0.000075    336.8 0.003193    0.0 0.000000 0.000000 0.003193 0.000000 0.000000 0.000000
2011 323   9 0.084266    2.0 0.000017 0.000035 0.000188 0.000101    338.8 0.003228    6.9 0.000005 0.000035 0.003228 0.000000 0.000000 0.000000
2011 324  10 0.084476    0.0 0.000000 0.000000 0.000280 0.000070    338.8 0.003228    5.1 0.000000 0.000000 0.003228 0.000000 0.000000 0.000000
2011 325  11 0.084658    0.0 0.000000 0.000000 0.000295 0.000114    338.8 0.003228    4.5 0.000000 0.000000 0.003228 0.000000 0.000000 0.000000
2011 326  12 0.084875    0.0 0.000000 0.000000 0.000337 0.000120    338.8 0.003228    7.3 0.000000 0.000000 0.003228 0.000000 0.000000 0.000000
2011 327  13 0.083312  161.9 0.000011 0.001785 0.000335 0.000113    500.7 0.005013  191.0 0.000009 0.001785 0.005013 0.000000 0.000000 0.000000
2011 328  14 0.083505    0.0 0.000000 0.000000 0.000286 0.000093    500.7 0.005013    0.0 0.000000 0.000000 0.005013 0.000000 0.000000 0.000000
2011 329  15 0.083720    0.0 0.000000 0.000000 0.000333 0.000119    500.7 0.005013    3.7 0.000000 0.000000 0.005013 0.000000 0.000000 0.000000
2011 330  16 0.083994    0.0 0.000000 0.000000 0.000399 0.000125    500.7 0.005013    6.7 0.000000 0.000000 0.005013 0.000000 0.000000 0.000000
2011 331  17 0.084318    0.0 0.000000 0.000000 0.000462 0.000137    500.7 0.005013    6.3 0.000000 0.000000 0.005013 0.000000 0.000000 0.000000
2011 332  18 0.084078   32.2 0.000016 0.000514 0.000412 0.000137    532.9 0.005527   46.1 0.000011 0.000514 0.005527 0.000000 0.000000 0.000000
2011 333  19 0.084311    2.0 0.000017 0.000035 0.000323 0.000056    534.9 0.005562    4.7 0.000007 0.000035 0.005562 0.000000 0.000000 0.000000
2011 334  20 0.084588    0.0 0.000000 0.000000 0.000294 0.000017    534.9 0.005562    1.6 0.000000 0.000000 0.005562 0.000000 0.000000 0.000000
2011 335  21 0.084875    0.0 0.000000 0.000000 0.000325 0.000037    534.9 0.005562    4.1 0.000000 0.000000 0.005562 0.000000 0.000000 0.000000
2011 336  22 0.085182    0.0 0.000000 0.000000 0.000397 0.000090    534.9 0.005562    5.4 0.000000 0.000000 0.005562 0.000000 0.000000 0.000000
2011 337  23 0.085526    0.0 0.000000 0.000000 0.000460 0.000115    534.9 0.005562    5.9 0.000000 0.000000 0.005562 0.000000 0.000000 0.000000
2011 338  24 0.085928    0.0 0.000000 0.000000 0.000560 0.000158    534.9 0.005562    6.4 0.000000 0.000000 0.005562 0.000000 0.000000 0.000000
2011 339  25 0.086391    0.0 0.000000 0.000000 0.000584 0.000121    534.9 0.005562    5.0 0.000000 0.000000 0.005562 0.000000 0.000000 0.000000
2011 340  26 0.086927    0.0 0.000000 0.000000 0.000709 0.000173    534.9 0.005562    5.1 0.000000 0.000000 0.005562 0.000000 0.000000 0.000000
2011 341  27 0.086844   31.2 0.000017 0.000515 0.000553 0.000120    566.1 0.006078   44.0 0.000012 0.000515 0.006078 0.000000 0.000000 0.000000
2011 342  28 0.087241    0.0 0.000000 0.000000 0.000408 0.000010    566.1 0.006078    2.6 0.000000 0.000000 0.006078 0.000000 0.000000 0.000000
2011 343  29 0.087696    0.0 0.000000 0.000000 0.000614 0.000159    566.1 0.006078    2.9 0.000000 0.000000 0.006078 0.000000 0.000000 0.000000
2011 344  30 0.088095    2.0 0.000018 0.000037 0.000557 0.000123    568.1 0.006114    8.1 0.000004 0.000037 0.006114 0.000000 0.000000 0.000000
2011 345  31 0.088593    0.0 0.000000 0.000000 0.000594 0.000095    568.1 0.006114    2.1 0.000000 0.000000 0.006114 0.000000 0.000000 0.000000
2011 346  32 0.086915  231.5 0.000009 0.002175 0.000609 0.000112    799.6 0.008289  257.9 0.000008 0.002175 0.008289 0.000000 0.000000 0.000000
2011 347  33 0.087479    0.0 0.000000 0.000000 0.000644 0.000080    799.6 0.008289    0.0 0.000000 0.000000 0.008289 0.000000 0.000000 0.000000
2011 348  34 0.088064    0.0 0.000000 0.000000 0.000724 0.000139    799.6 0.008289    1.2 0.000000 0.000000 0.008289 0.000000 0.000000 0.000000
2011 349  35 0.088657    0.0 0.000000 0.000000 0.000770 0.000178    799.6 0.008289    4.0 0.000000 0.000000 0.008289 0.000000 0.000000 0.000000
2011 350  36 0.089267    0.0 0.000000 0.000000 0.000795 0.000184    799.6 0.008289    6.1 0.000000 0.000000 0.008289 0.000000 0.000000 0.000000
2011 351  37 0.089881    0.0 0.000000 0.000000 0.000794 0.000180    799.6 0.008289    5.3 0.000000 0.000000 0.008289 0.000000 0.000000 0.000000
2011 352  38 0.090406    0.0 0.000000 0.000000 0.000609 0.000084    799.6 0.008289    4.5 0.000000 0.000000 0.008289 0.000000 0.000000 0.000000
2011 353  39 0.090998    0.0 0.000000 0.000000 0.000726 0.000134    799.6 0.008289    3.6 0.000000 0.000000 0.008289 0.000000 0.000000 0.000000
2011 354  40 0.091676    0.0 0.000000 0.000000 0.000876 0.000198    799.6 0.008289    6.5 0.000000 0.000000 0.008289 0.000000 0.000000 0.000000
2011 355  41 0.092458    0.0 0.000000 0.000000 0.001035 0.000254    799.6 0.008289    6.5 0.000000 0.000000 0.008289 0.000000 0.000000 0.000000
2011 356  42 0.093350    0.0 0.000000 0.000000 0.001103 0.000210    799.6 0.008289    5.1 0.000000 0.000000 0.008289 0.000000 0.000000 0.000000
2011 357  43 0.094292    2.0 0.000019 0.000039 0.001282 0.000302    801.6 0.008328    7.1 0.000005 0.000039 0.008328 0.000000 0.000000 0.000000
2011 358  44 0.095136    0.0 0.000000 0.000000 0.001113 0.000269    801.6 0.008328    5.9 0.000000 0.000000 0.008328 0.000000 0.000000 0.000000
2011 359  45 0.095994    0.0 0.000000 0.000000 0.001151 0.000292    801.6 0.008328    3.5 0.000000 0.000000 0.008328 0.000000 0.000000 0.000000
2011 360  46 0.096766    0.0 0.000000 0.000000 0.001038 0.000267    801.6 0.008328    5.2 0.000000 0.000000 0.008328 0.000000 0.000000 0.000000
2011 361  47 0.096251   73.5 0.000016 0.001196 0.000925 0.000243    875.1 0.009524   88.9 0.000013 0.001196 0.009524 0.000000 0.000000 0.000000
2011 362  48 0.096929    0.0 0.000000 0.000000 0.000725 0.000047    875.1 0.009524    0.0 0.000000 0.000000 0.009524 0.000000 0.000000 0.000000
2011 363  49 0.097593    0.0 0.000000 0.000000 0.000809 0.000145    875.1 0.009524    2.9 0.000000 0.000000 0.009524 0.000000 0.000000 0.000000
2011 364  50 0.098303    0.0 0.000000 0.000000 0.000885 0.000175    875.1 0.009524    5.2 0.000000 0.000000 0.009524 0.000000 0.000000 0.000000
2011 365  51 0.099212    0.0 0.000000 0.000000 0.001160 0.000251    875.1 0.009524    5.7 0.000000 0.000000 0.009524 0.000000 0.000000 0.000000
2012   1  52 0.100037    0.0 0.000000 0.000000 0.001118 0.000293    875.1 0.009524    4.4 0.000000 0.000000 0.009524 0.000000 0.000000 0.000000
2012   2  53 0.100515   11.1 0.000020 0.000223 0.000886 0.000185    886.2 0.009747   19.1 0.000012 0.000223 0.009747 0.000000 0.000000 0.000000
2012   3  54 0.101139    0.0 0.000000 0.000000 0.000625 0.000001    886.2 0.009747    3.0 0.000000 0.000000 0.009747 0.000000 0.000000 0.000000
2012   4  55 0.101807    0.0 0.000000 0.000000 0.000669 0.000001    886.2 0.009747    3.3 0.000000 0.000000 0.009747 0.000000 0.000000 0.000000
2012   5  56 0.102605    0.0 0.000000 0.000000 0.000830 0.000032    886.2 0.009747    4.0 0.000000 0.000000 0.009747 0.000000 0.000000 0.000000
2012   6  57 0.103430    0.0 0.000000 0.000000 0.001042 0.000217    886.2 0.009747    5.4 0.000000 0.000000 0.009747 0.000000 0.000000 0.000000
2012   7  58 0.104322    0.0 0.000000 0.000000 0.001161 0.000269    886.2 0.009747    5.6 0.000000 0.000000 0.009747 0.000000 0.000000 0.000000
2012   8  59 0.105279    0.0 0.000000 0.000000 0.001213 0.000256    886.2 0.009747    6.1 0.000000 0.000000 0.009747 0.000000 0.000000 0.000000
2012   9  60 0.106252    0.0 0.000000 0.000000 0.001277 0.000304    886.2 0.009747    5.9 0.000000 0.000000 0.009747 0.000000 0.000000 0.000000
2012  10  61 0.107255    0.0 0.000000 0.000000 0.001258 0.000255    886.2 0.009747    6.7 0.000000 0.000000 0.009747 0.000000 0.000000 0.000000
2012  11  62 0.108334    5.0 0.000022 0.000111 0.001491 0.000302    891.2 0.009858    9.7 0.000011 0.000111 0.009858 0.000000 0.000000 0.000000
2012  12  63 0.109323    0.0 0.000000 0.000000 0.001263 0.000274    891.2 0.009858    2.7 0.000000 0.000000 0.009858 0.000000 0.000000 0.000000
2012  13  64 0.110200    0.0 0.000000 0.000000 0.000987 0.000109    891.2 0.009858    4.7 0.000000 0.000000 0.009858 0.000000 0.000000 0.000000
2012  14  65 0.111055    0.0 0.000000 0.000000 0.000856 0.000001    891.2 0.009858    3.6 0.000000 0.000000 0.009858 0.000000 0.000000 0.000000
