 Run: data/cwarner/auto2012           
 
  YR DOY Day     d_TW     d_RW    TW    RW    N_TOP        N_ROOT Tact Ract Topt Ropt  NDemand  NUptake  NSupply  NSUF       WSUF NupCum
1999 289   1 0.001122 0.019339   1.6   1.1 0.019217 0.010888 1.21 1.01 1.21 1.01 0.000556 0.000556 0.003327 1.000 1.000  0.001
2011 316   2 0.001122 0.018730   1.6   1.1 0.019257 0.011095 1.21 1.01 1.21 1.01 0.000247 0.000247 0.003360 1.000 1.000  0.001
2011 317   3 0.001122 0.046660   1.6   1.1 0.019362 0.011635 1.22 1.02 1.22 1.02 0.000645 0.000645 0.003415 1.000 1.000  0.001
2011 318   4 0.001122 0.048987   1.6   1.2 0.019494 0.012223 1.23 1.03 1.23 1.03 0.000720 0.000720 0.003553 1.000 1.000  0.002
2011 319   5 0.001122 0.045937   1.6   1.2 0.019684 0.012833 1.24 1.04 1.24 1.04 0.000799 0.000799 0.003696 1.000 1.000  0.003
2011 320   6 0.001122 0.044786   1.6   1.3 0.019907 0.013466 1.25 1.05 1.25 1.05 0.000856 0.000856 0.003831 1.000 1.000  0.004
2011 321   7 0.001122 0.039125   1.6   1.3 0.020082 0.014011 1.26 1.06 1.26 1.06 0.000720 0.000720 0.003963 1.000 1.000  0.005
2011 322   8 0.001122 0.031909   1.6   1.4 0.020206 0.014443 1.27 1.07 1.27 1.07 0.000556 0.000556 0.004009 1.000 1.000  0.005
2011 323   9 0.001122 0.043527   1.6   1.4 0.020363 0.015034 1.28 1.08 1.28 1.08 0.000748 0.000748 0.004101 1.000 1.000  0.006
2011 324  10 0.001122 0.017283   1.6   1.4 0.020539 0.015364 1.29 1.09 1.29 1.09 0.000506 0.000506 0.004224 1.000 1.000  0.006
2011 325  11 0.005646 0.044045   1.6   1.5 0.020765 0.015982 1.30 1.10 1.30 1.10 0.000845 0.000845 0.004276 1.000 1.000  0.007
2011 326  12 0.007740 0.042814   1.6   1.5 0.021032 0.016607 1.31 1.11 1.31 1.11 0.000892 0.000892 0.004403 1.000 1.000  0.008
2011 327  13 0.009859 0.033897   1.6   1.5 0.021331 0.017145 1.32 1.12 1.32 1.12 0.000837 0.000837 0.004527 1.000 1.000  0.009
2011 328  14 0.009519 0.026473   1.6   1.6 0.021593 0.017571 1.33 1.13 1.33 1.13 0.000688 0.000688 0.004560 1.000 1.000  0.010
2011 329  15 0.010692 0.042650   1.6   1.6 0.021868 0.018182 1.34 1.14 1.34 1.14 0.000887 0.000887 0.004637 1.000 1.000  0.011
2011 330  16 0.013366 0.040393   1.7   1.6 0.022195 0.018788 1.34 1.14 1.34 1.14 0.000932 0.000932 0.004758 1.000 1.000  0.011
2011 331  17 0.017136 0.039619   1.7   1.7 0.022594 0.019412 1.35 1.15 1.35 1.15 0.001023 0.001023 0.004874 1.000 1.000  0.012
2011 332  18 0.018170 0.039727   1.7   1.7 0.022999 0.020032 1.36 1.16 1.36 1.16 0.001025 0.001025 0.004988 1.000 1.000  0.013
2011 333  19 0.012658 0.003550   1.7   1.7 0.023271 0.020175 1.37 1.17 1.37 1.17 0.000414 0.000414 0.005081 1.000 1.000  0.014
2011 334  20 0.003291 0.000366   1.7   1.7 0.023354 0.020217 1.37 1.17 1.37 1.17 0.000126 0.000126 0.005095 1.000 1.000  0.014
2011 335  21 0.006176 0.008902   1.7   1.7 0.023483 0.020367 1.37 1.17 1.37 1.17 0.000279 0.000279 0.005102 1.000 1.000  0.014
2011 336  22 0.012457 0.027759   1.7   1.8 0.023743 0.020784 1.38 1.18 1.38 1.18 0.000676 0.000676 0.005132 1.000 1.000  0.015
2011 337  23 0.015967 0.035879   1.7   1.8 0.024072 0.021319 1.39 1.19 1.39 1.19 0.000864 0.000864 0.005214 1.000 1.000  0.016
2011 338  24 0.027777 0.036256   1.8   1.8 0.024636 0.021936 1.40 1.20 1.40 1.20 0.001181 0.001181 0.005318 1.000 1.000  0.017
2011 339  25 0.023534 0.024179   1.8   1.9 0.025105 0.022370 1.40 1.20 1.40 1.20 0.000903 0.000903 0.005425 1.000 1.000  0.018
2011 340  26 0.034287 0.034619   1.8   1.9 0.025779 0.022988 1.41 1.21 1.41 1.21 0.001292 0.001292 0.005500 1.000 1.000  0.019
2011 341  27 0.019928 0.033517   1.8   1.9 0.026165 0.023503 1.42 1.22 1.42 1.22 0.000901 0.000901 0.005605 1.000 1.000  0.020
2011 342  28 0.000000 0.000000   1.8   1.9 0.026201 0.023541 1.42 1.22 1.42 1.22 0.000073 0.000073 0.005683 1.000 1.000  0.020
2011 343  29 0.030817 0.035565   1.9   2.0 0.026795 0.024139 1.43 1.23 1.43 1.23 0.001192 0.001192 0.005692 1.000 1.000  0.021
2011 344  30 0.031092 0.013653   1.9   2.0 0.027389 0.024462 1.44 1.24 1.44 1.24 0.000917 0.000917 0.005797 1.000 1.000  0.022
2011 345  31 0.023612 0.002624   1.9   2.0 0.027893 0.024663 1.45 1.25 1.45 1.25 0.000705 0.000705 0.005842 1.000 1.000  0.023
2011 346  32 0.032035 0.003559   2.0   2.0 0.028521 0.024873 1.46 1.26 1.46 1.26 0.000838 0.000838 0.005860 1.000 1.000  0.024
2011 347  33 0.014880 0.001653   2.0   2.0 0.028909 0.025066 1.46 1.26 1.46 1.26 0.000581 0.000581 0.005785 1.000 1.000  0.024
2011 348  34 0.035107 0.018040   2.0   2.0 0.029572 0.025443 1.47 1.27 1.47 1.27 0.001040 0.001040 0.005803 1.000 1.000  0.025
2011 349  35 0.037188 0.037897   2.0   2.0 0.030273 0.026078 1.48 1.28 1.48 1.28 0.001335 0.001335 0.005865 1.000 1.000  0.027
2011 350  36 0.041049 0.034829   2.1   2.1 0.031044 0.026686 1.49 1.29 1.49 1.29 0.001380 0.001380 0.005979 1.000 1.000  0.028
2011 351  37 0.044038 0.027566   2.1   2.1 0.031870 0.027210 1.49 1.29 1.49 1.29 0.001350 0.001350 0.006086 1.000 1.000  0.030
2011 352  38 0.024225 0.007101   2.2   2.1 0.032323 0.027391 1.50 1.30 1.50 1.30 0.000634 0.000634 0.006173 1.000 1.000  0.030
2011 353  39 0.027105 0.030885   2.2   2.1 0.032830 0.027890 1.50 1.30 1.50 1.30 0.001006 0.001006 0.006205 1.000 1.000  0.031
2011 354  40 0.044094 0.038515   2.2   2.2 0.033655 0.028551 1.51 1.31 1.51 1.31 0.001485 0.001485 0.006300 1.000 1.000  0.033
2011 355  41 0.068082 0.030073   2.3   2.2 0.034931 0.029183 1.52 1.32 1.52 1.32 0.001908 0.001908 0.006418 1.000 1.000  0.035
2011 356  42 0.064514 0.011851   2.4   2.2 0.036140 0.029553 1.53 1.33 1.53 1.33 0.001579 0.001579 0.006516 1.000 1.000  0.036
2011 357  43 0.087933 0.025208   2.4   2.2 0.037791 0.030169 1.54 1.34 1.54 1.34 0.002267 0.002267 0.006568 1.000 1.000  0.038
2011 358  44 0.084194 0.013839   2.5   2.3 0.039375 0.030608 1.55 1.35 1.55 1.35 0.002023 0.002023 0.006656 1.000 1.000  0.040
2011 359  45 0.081971 0.030687   2.6   2.3 0.040920 0.031260 1.57 1.37 1.57 1.37 0.002197 0.002197 0.006712 1.000 1.000  0.043
2011 360  46 0.081047 0.018197   2.7   2.3 0.042451 0.031733 1.57 1.37 1.57 1.37 0.002004 0.002004 0.006812 1.000 1.000  0.045
2011 361  47 0.067117 0.027385   2.8   2.3 0.043721 0.032290 1.58 1.38 1.58 1.38 0.001827 0.001827 0.006878 1.000 1.000  0.046
2011 362  48 0.011437 0.001271   2.8   2.3 0.043983 0.032376 1.59 1.39 1.59 1.39 0.000348 0.000348 0.006914 1.000 1.000  0.047
2011 363  49 0.040629 0.015175   2.8   2.4 0.044753 0.032692 1.59 1.39 1.59 1.39 0.001086 0.001086 0.006934 1.000 1.000  0.048
2011 364  50 0.043964 0.026290   2.9   2.4 0.045588 0.033170 1.59 1.39 1.59 1.39 0.001314 0.001314 0.006989 1.000 1.000  0.049
2011 365  51 0.076347 0.016828   2.9   2.4 0.047043 0.033599 1.60 1.40 1.60 1.40 0.001884 0.001884 0.007075 1.000 1.000  0.051
2012   1  52 0.076332 0.039454   3.0   2.4 0.048502 0.034343 1.61 1.41 1.61 1.41 0.002203 0.002203 0.007140 1.000 1.000  0.053
2012   2  53 0.054783 0.014767   3.1   2.4 0.049551 0.034684 1.62 1.42 1.62 1.42 0.001390 0.001390 0.007262 1.000 1.000  0.055
2012   3  54 0.000000 0.000000   3.1   2.4 0.049555 0.034687 1.62 1.42 1.62 1.42 0.000007 0.000007 0.007307 1.000 1.000  0.055
2012   4  55 0.000000 0.000000   3.1   2.4 0.049559 0.034690 1.62 1.42 1.62 1.42 0.000007 0.000007 0.007322 1.000 1.000  0.055
2012   5  56 0.009686 0.001076   3.1   2.5 0.049754 0.034736 1.62 1.42 1.62 1.42 0.000241 0.000241 0.007337 1.000 1.000  0.055
2012   6  57 0.054883 0.031241   3.1   2.5 0.050808 0.035311 1.62 1.42 1.62 1.42 0.001628 0.001628 0.007358 1.000 1.000  0.057
2012   7  58 0.067043 0.039943   3.2   2.5 0.052099 0.036039 1.63 1.43 1.63 1.43 0.002019 0.002019 0.007458 1.000 1.000  0.059
2012   8  59 0.062218 0.040239   3.3   2.6 0.053300 0.036762 1.64 1.44 1.64 1.44 0.001923 0.001923 0.007583 1.000 1.000  0.061
2012   9  60 0.074524 0.046063   3.3   2.6 0.054743 0.037598 1.64 1.44 1.64 1.44 0.002279 0.002279 0.007709 1.000 1.000  0.063
2012  10  61 0.081195 0.009022   3.4   2.6 0.056332 0.037924 1.65 1.45 1.65 1.45 0.001915 0.001915 0.007852 1.000 1.000  0.065
2012  11  62 0.089121 0.009902   3.5   2.6 0.058168 0.038342 1.66 1.46 1.66 1.46 0.002254 0.002254 0.007896 1.000 1.000  0.067
2012  12  63 0.076812 0.026335   3.6   2.7 0.059672 0.038896 1.67 1.47 1.67 1.47 0.002058 0.002058 0.007943 1.000 1.000  0.069
2012  13  64 0.032790 0.003643   3.6   2.7 0.060343 0.039041 1.67 1.47 1.67 1.47 0.000816 0.000816 0.008033 1.000 1.000  0.070
2012  14  65 0.000000 0.000000   3.6   2.7 0.060348 0.039045 1.67 1.47 1.67 1.47 0.000008 0.000008 0.008060 1.000 1.000  0.070
