 Run: data/cwarner/auto2012b          
 
			Max	Min	Mean	Max	Min	Mean	Max	Min	Mean	Max	Min	Mean	Max	Min	Mean	Max	Min	Mean	Max	Min	Mean	Max	Min	Mean	Max	Min	Mean	Max	Min	Mean	Max	Min	Mean	Max	Min	Mean	Max	Min	Mean	Max	Min	Mean	Max	Min	Mean	Max	Min	Mean	Max	Min	Mean	Max	Min	Mean	Max	Min	Mean	Max	Min	Mean
DOY	DAY	Ndays	LA	LA	LA	LAI	LAI	LAI	TW	TW	TW	RW	RW	RW	DT	DT	DT	SRad	SRad	SRad	TMIN	TMIN	TMIN	TMAX	TMAX	TMAX	Ra	Ra	Ra	Ir	Ir	Ir	CF	CF	CF	P_Ra	P_Ra	P_Ra	P_Ir	P_Ir	P_Ir	Sw	Sw	Sw	P_Dr	P_Dr	P_Dr	Ro	Ro	Ro	P_Et	P_Et	P_Et	HT	HT	HT	Et	Et	Et	P_Ar	P_Ar	P_Ar
289	1	1	150.1	150.1	150.1	0.68	0.68	0.68	1.6	1.6	1.6	1.1	1.1	1.1	1.0	1.0	1	4.6	4.6	4.6	21.1	21.1	21.1	24.2	24.2	24.2	0.43	0.43	0.43	0.00	0.00	0	1.00	1.00	1	0.43	0.43	0.43	0.00	0.00	0	5.968	5.968	5.968	0.33	0.33	0.33	0.34	0.34	0.34	0.10	0.10	0.1	14.0	14.0	14	0.09	0.09	0.09	221.7	221.7	221.7
316	2	1	150.2	150.2	150.2	0.68	0.68	0.68	1.6	1.6	1.6	1.1	1.1	1.1	1.1	1.1	1.1	14.9	14.9	14.9	-3.0	-3.0	-3	22.9	22.9	22.9	0.00	0.00	0	0.00	0.00	0	1.00	1.00	1	0.00	0.00	0	0.00	0.00	0	5.641	5.641	5.641	0.00	0.00	0	0.00	0.00	0	0.33	0.33	0.33	14.0	14.0	14	0.30	0.30	0.3	221.7	221.7	221.7
317	3	1	150.3	150.3	150.3	0.68	0.68	0.68	1.6	1.6	1.6	1.1	1.1	1.1	1.6	1.6	1.6	13.7	13.7	13.7	4.6	4.6	4.6	25.6	25.6	25.6	0.00	0.00	0	0.33	0.33	0.33	1.00	1.00	1	0.00	0.00	0	0.33	0.33	0.33	5.611	5.611	5.611	0.00	0.00	0	0.03	0.03	0.03	0.36	0.36	0.36	14.0	14.0	14	0.32	0.32	0.32	221.7	221.7	221.7
318	4	1	150.4	150.4	150.4	0.68	0.68	0.68	1.6	1.6	1.6	1.2	1.2	1.2	2.1	2.1	2.1	14.2	14.2	14.2	7.6	7.6	7.6	28.4	28.4	28.4	0.00	0.00	0	0.36	0.36	0.36	1.00	1.00	1	0.00	0.00	0	0.36	0.36	0.36	5.553	5.553	5.553	0.00	0.00	0	0.03	0.03	0.03	0.41	0.41	0.41	14.0	14.0	14	0.38	0.38	0.38	221.7	221.7	221.7
319	5	1	150.5	150.5	150.5	0.68	0.68	0.68	1.6	1.6	1.6	1.2	1.2	1.2	3.0	3.0	3	10.8	10.8	10.8	14.3	14.3	14.3	29.3	29.3	29.3	0.00	0.00	0	0.41	0.41	0.41	1.00	1.00	1	0.00	0.00	0	0.41	0.41	0.41	5.621	5.621	5.621	0.00	0.00	0	0.04	0.04	0.04	0.35	0.35	0.35	14.0	14.0	14	0.32	0.32	0.32	221.7	221.7	221.7
320	6	1	150.6	150.6	150.6	0.68	0.68	0.68	1.6	1.6	1.6	1.3	1.3	1.3	4.0	4.0	4	10.8	10.8	10.8	19.7	19.7	19.7	29.8	29.8	29.8	0.00	0.00	0	0.35	0.35	0.35	1.00	1.00	1	0.00	0.00	0	0.35	0.35	0.35	5.649	5.649	5.649	0.00	0.00	0	0.03	0.03	0.03	0.32	0.32	0.32	14.0	14.0	14	0.29	0.29	0.29	221.7	221.7	221.7
321	7	1	150.7	150.7	150.7	0.68	0.68	0.68	1.6	1.6	1.6	1.3	1.3	1.3	4.8	4.8	4.8	9.2	9.2	9.2	12.5	12.5	12.5	25.6	25.6	25.6	1.61	1.61	1.61	0.32	0.32	0.32	1.00	1.00	1	1.61	1.61	1.61	0.32	0.32	0.32	5.968	5.968	5.968	1.35	1.35	1.35	1.40	1.40	1.4	0.26	0.26	0.26	14.0	14.0	14	0.24	0.24	0.24	221.7	221.7	221.7
322	8	1	150.8	150.8	150.8	0.68	0.68	0.68	1.6	1.6	1.6	1.4	1.4	1.4	5.3	5.3	5.3	9.7	9.7	9.7	6.6	6.6	6.6	20.4	20.4	20.4	0.00	0.00	0	0.00	0.00	0	1.00	1.00	1	0.00	0.00	0	0.00	0.00	0	5.750	5.750	5.75	0.00	0.00	0	0.00	0.00	0	0.22	0.22	0.22	14.0	14.0	14	0.20	0.20	0.2	221.7	221.7	221.7
323	9	1	150.9	150.9	150.9	0.68	0.68	0.68	1.6	1.6	1.6	1.4	1.4	1.4	6.0	6.0	6	12.6	12.6	12.6	10.4	10.4	10.4	20.1	20.1	20.1	0.02	0.02	0.02	0.00	0.00	0	1.00	1.00	1	0.02	0.02	0.02	0.00	0.00	0	5.514	5.514	5.514	0.00	0.00	0	0.00	0.00	0	0.26	0.26	0.26	14.0	14.0	14	0.23	0.23	0.23	221.7	221.7	221.7
324	10	1	151.0	151.0	151	0.68	0.68	0.68	1.6	1.6	1.6	1.4	1.4	1.4	6.7	6.7	6.7	4.1	4.1	4.1	12.6	12.6	12.6	28.6	28.6	28.6	0.00	0.00	0	0.45	0.45	0.45	1.00	1.00	1	0.00	0.00	0	0.45	0.45	0.45	5.751	5.751	5.751	0.00	0.00	0	0.04	0.04	0.04	0.22	0.22	0.22	14.0	14.0	14	0.20	0.20	0.2	221.7	221.7	221.7
325	11	1	151.5	151.5	151.5	0.68	0.68	0.68	1.6	1.6	1.6	1.5	1.5	1.5	7.5	7.5	7.5	11.9	11.9	11.9	11.5	11.5	11.5	28.0	28.0	28	0.00	0.00	0	0.00	0.00	0	1.00	1.00	1	0.00	0.00	0	0.00	0.00	0	5.396	5.396	5.396	0.00	0.00	0	0.00	0.00	0	0.36	0.36	0.36	14.1	14.1	14.1	0.32	0.32	0.32	221.7	221.7	221.7
326	12	1	152.2	152.2	152.2	0.69	0.69	0.69	1.6	1.6	1.6	1.5	1.5	1.5	8.3	8.3	8.3	13.1	13.1	13.1	12.9	12.9	12.9	28.0	28.0	28	0.00	0.00	0	0.57	0.57	0.57	1.00	1.00	1	0.00	0.00	0	0.57	0.57	0.57	5.596	5.596	5.596	0.00	0.00	0	0.05	0.05	0.05	0.37	0.37	0.37	14.1	14.1	14.1	0.34	0.34	0.34	221.7	221.7	221.7
327	13	1	153.1	153.1	153.1	0.69	0.69	0.69	1.6	1.6	1.6	1.5	1.5	1.5	9.1	9.1	9.1	8.5	8.5	8.5	13.3	13.3	13.3	25.0	25.0	25	1.04	1.04	1.04	0.37	0.37	0.37	1.00	1.00	1	1.04	1.04	1.04	0.37	0.37	0.37	5.968	5.968	5.968	0.81	0.81	0.81	0.86	0.86	0.86	0.23	0.23	0.23	14.1	14.1	14.1	0.21	0.21	0.21	221.7	221.7	221.7
328	14	1	153.9	153.9	153.9	0.69	0.69	0.69	1.6	1.6	1.6	1.6	1.6	1.6	9.7	9.7	9.7	7.4	7.4	7.4	9.3	9.3	9.3	20.7	20.7	20.7	0.00	0.00	0	0.00	0.00	0	1.00	1.00	1	0.00	0.00	0	0.00	0.00	0	5.790	5.790	5.79	0.00	0.00	0	0.00	0.00	0	0.18	0.18	0.18	14.2	14.2	14.2	0.16	0.16	0.16	221.7	221.7	221.7
329	15	1	154.9	154.9	154.9	0.70	0.70	0.7	1.6	1.6	1.6	1.6	1.6	1.6	10.3	10.3	10.3	13.5	13.5	13.5	8.9	8.9	8.9	23.9	23.9	23.9	0.00	0.00	0	0.00	0.00	0	1.00	1.00	1	0.00	0.00	0	0.00	0.00	0	5.468	5.468	5.468	0.00	0.00	0	0.00	0.00	0	0.32	0.32	0.32	14.2	14.2	14.2	0.29	0.29	0.29	221.7	221.7	221.7
330	16	1	156.1	156.1	156.1	0.70	0.70	0.7	1.7	1.7	1.7	1.6	1.6	1.6	11.0	11.0	11	10.1	10.1	10.1	10.4	10.4	10.4	26.7	26.7	26.7	0.00	0.00	0	0.50	0.50	0.5	1.00	1.00	1	0.00	0.00	0	0.50	0.50	0.5	5.665	5.665	5.665	0.00	0.00	0	0.05	0.05	0.05	0.30	0.30	0.3	14.3	14.3	14.3	0.27	0.27	0.27	221.7	221.7	221.7
331	17	1	157.6	157.6	157.6	0.71	0.71	0.71	1.7	1.7	1.7	1.7	1.7	1.7	11.8	11.8	11.8	12.7	12.7	12.7	12.5	12.5	12.5	27.3	27.3	27.3	0.00	0.00	0	0.30	0.30	0.3	1.00	1.00	1	0.00	0.00	0	0.30	0.30	0.3	5.615	5.615	5.615	0.00	0.00	0	0.03	0.03	0.03	0.35	0.35	0.35	14.4	14.4	14.4	0.32	0.32	0.32	221.7	221.7	221.7
332	18	1	159.2	159.2	159.2	0.72	0.72	0.72	1.7	1.7	1.7	1.7	1.7	1.7	12.5	12.5	12.5	11.7	11.7	11.7	11.2	11.2	11.2	22.8	22.8	22.8	0.32	0.32	0.32	0.35	0.35	0.35	1.00	1.00	1	0.32	0.32	0.32	0.35	0.35	0.35	5.858	5.858	5.858	0.16	0.16	0.16	0.21	0.21	0.21	0.27	0.27	0.27	14.4	14.4	14.4	0.25	0.25	0.25	221.7	221.7	221.7
333	19	1	160.3	160.3	160.3	0.72	0.72	0.72	1.7	1.7	1.7	1.7	1.7	1.7	12.9	12.9	12.9	3.1	3.1	3.1	5.6	5.6	5.6	17.1	17.1	17.1	0.02	0.02	0.02	0.00	0.00	0	1.00	1.00	1	0.02	0.02	0.02	0.00	0.00	0	5.791	5.791	5.791	0.00	0.00	0	0.00	0.00	0	0.09	0.09	0.09	14.5	14.5	14.5	0.08	0.08	0.08	221.7	221.7	221.7
334	20	1	160.6	160.6	160.6	0.72	0.72	0.72	1.7	1.7	1.7	1.7	1.7	1.7	13.1	13.1	13.1	11.8	11.8	11.8	1.3	1.3	1.3	14.5	14.5	14.5	0.00	0.00	0	0.00	0.00	0	1.00	1.00	1	0.00	0.00	0	0.00	0.00	0	5.591	5.591	5.591	0.00	0.00	0	0.00	0.00	0	0.20	0.20	0.2	14.5	14.5	14.5	0.18	0.18	0.18	221.7	221.7	221.7
335	21	1	161.2	161.2	161.2	0.73	0.73	0.73	1.7	1.7	1.7	1.7	1.7	1.7	13.3	13.3	13.3	13.0	13.0	13	-1.2	-1.2	-1.2	19.3	19.3	19.3	0.00	0.00	0	0.38	0.38	0.38	1.00	1.00	1	0.00	0.00	0	0.38	0.38	0.38	5.709	5.709	5.709	0.00	0.00	0	0.04	0.04	0.04	0.26	0.26	0.26	14.5	14.5	14.5	0.24	0.24	0.24	221.7	221.7	221.7
336	22	1	162.3	162.3	162.3	0.73	0.73	0.73	1.7	1.7	1.7	1.8	1.8	1.8	13.7	13.7	13.7	13.1	13.1	13.1	3.4	3.4	3.4	21.4	21.4	21.4	0.00	0.00	0	0.00	0.00	0	1.00	1.00	1	0.00	0.00	0	0.00	0.00	0	5.421	5.421	5.421	0.00	0.00	0	0.00	0.00	0	0.29	0.29	0.29	14.6	14.6	14.6	0.26	0.26	0.26	221.7	221.7	221.7
337	23	1	163.7	163.7	163.7	0.74	0.74	0.74	1.7	1.7	1.7	1.8	1.8	1.8	14.2	14.2	14.2	12.8	12.8	12.8	5.4	5.4	5.4	23.5	23.5	23.5	0.00	0.00	0	0.55	0.55	0.55	1.00	1.00	1	0.00	0.00	0	0.55	0.55	0.55	5.658	5.658	5.658	0.00	0.00	0	0.05	0.05	0.05	0.31	0.31	0.31	14.6	14.6	14.6	0.28	0.28	0.28	221.7	221.7	221.7
338	24	1	166.2	166.2	166.2	0.75	0.75	0.75	1.8	1.8	1.8	1.8	1.8	1.8	14.9	14.9	14.9	10.8	10.8	10.8	12.6	12.6	12.6	22.1	22.1	22.1	0.00	0.00	0	0.31	0.31	0.31	1.00	1.00	1	0.00	0.00	0	0.31	0.31	0.31	5.727	5.727	5.727	0.00	0.00	0	0.03	0.03	0.03	0.24	0.24	0.24	14.7	14.7	14.7	0.22	0.22	0.22	221.7	221.7	221.7
339	25	1	168.3	168.3	168.3	0.76	0.76	0.76	1.8	1.8	1.8	1.9	1.9	1.9	15.5	15.5	15.5	6.7	6.7	6.7	8.3	8.3	8.3	26.6	26.6	26.6	0.00	0.00	0	0.00	0.00	0	1.00	1.00	1	0.00	0.00	0	0.00	0.00	0	5.480	5.480	5.48	0.00	0.00	0	0.00	0.00	0	0.25	0.25	0.25	14.8	14.8	14.8	0.22	0.22	0.22	221.7	221.7	221.7
340	26	1	171.3	171.3	171.3	0.77	0.77	0.77	1.8	1.8	1.8	1.9	1.9	1.9	16.3	16.3	16.3	11.3	11.3	11.3	13.4	13.4	13.4	26.6	26.6	26.6	0.00	0.00	0	0.49	0.49	0.49	1.00	1.00	1	0.00	0.00	0	0.49	0.49	0.49	5.657	5.657	5.657	0.00	0.00	0	0.05	0.05	0.05	0.31	0.31	0.31	15.0	15.0	15	0.28	0.28	0.28	221.7	221.7	221.7
341	27	1	173.1	173.1	173.1	0.78	0.78	0.78	1.8	1.8	1.8	1.9	1.9	1.9	16.8	16.8	16.8	9.1	9.1	9.1	4.3	4.3	4.3	25.7	25.7	25.7	0.31	0.31	0.31	0.31	0.31	0.31	1.00	1.00	1	0.31	0.31	0.31	0.31	0.31	0.31	5.841	5.841	5.841	0.15	0.15	0.15	0.20	0.20	0.2	0.28	0.28	0.28	15.0	15.0	15	0.26	0.26	0.26	221.7	221.7	221.7
342	28	1	173.1	173.1	173.1	0.78	0.78	0.78	1.8	1.8	1.8	1.9	1.9	1.9	16.9	16.9	16.9	6.9	6.9	6.9	-0.2	-0.2	-0.2	15.7	15.7	15.7	0.00	0.00	0	0.00	0.00	0	1.00	1.00	1	0.00	0.00	0	0.00	0.00	0	5.701	5.701	5.701	0.00	0.00	0	0.00	0.00	0	0.14	0.14	0.14	15.0	15.0	15	0.13	0.13	0.13	221.7	221.7	221.7
343	29	1	175.9	175.9	175.9	0.79	0.79	0.79	1.9	1.9	1.9	2.0	2.0	2	17.6	17.6	17.6	12.4	12.4	12.4	9.2	9.2	9.2	21.9	21.9	21.9	0.00	0.00	0	0.00	0.00	0	1.00	1.00	1	0.00	0.00	0	0.00	0.00	0	5.424	5.424	5.424	0.00	0.00	0	0.00	0.00	0	0.28	0.28	0.28	15.2	15.2	15.2	0.25	0.25	0.25	221.7	221.7	221.7
344	30	1	178.6	178.6	178.6	0.81	0.81	0.81	1.9	1.9	1.9	2.0	2.0	2	18.2	18.2	18.2	6.4	6.4	6.4	11.0	11.0	11	15.3	15.3	15.3	0.02	0.02	0.02	0.54	0.54	0.54	1.00	1.00	1	0.02	0.02	0.02	0.54	0.54	0.54	5.865	5.865	5.865	0.01	0.01	0.01	0.06	0.06	0.06	0.11	0.11	0.11	15.3	15.3	15.3	0.10	0.10	0.1	221.7	221.7	221.7
345	31	1	180.7	180.7	180.7	0.82	0.82	0.82	1.9	1.9	1.9	2.0	2.0	2	18.8	18.8	18.8	2.7	2.7	2.7	11.2	11.2	11.2	16.4	16.4	16.4	0.00	0.00	0	0.00	0.00	0	1.00	1.00	1	0.00	0.00	0	0.00	0.00	0	5.805	5.805	5.805	0.00	0.00	0	0.00	0.00	0	0.06	0.06	0.06	15.4	15.4	15.4	0.05	0.05	0.05	221.7	221.7	221.7
346	32	1	183.6	183.6	183.6	0.83	0.83	0.83	2.0	2.0	2	2.0	2.0	2	19.4	19.4	19.4	3.7	3.7	3.7	11.9	11.9	11.9	15.4	15.4	15.4	1.22	1.22	1.22	0.00	0.00	0	1.00	1.00	1	1.22	1.22	1.22	0.00	0.00	0	5.968	5.968	5.968	0.99	0.99	0.99	1.01	1.01	1.01	0.07	0.07	0.07	15.5	15.5	15.5	0.06	0.06	0.06	221.7	221.7	221.7
347	33	1	184.9	184.9	184.9	0.83	0.83	0.83	2.0	2.0	2	2.0	2.0	2	20.1	20.1	20.1	1.6	1.6	1.6	9.9	9.9	9.9	18.4	18.4	18.4	0.00	0.00	0	0.00	0.00	0	1.00	1.00	1	0.00	0.00	0	0.00	0.00	0	5.909	5.909	5.909	0.00	0.00	0	0.00	0.00	0	0.06	0.06	0.06	15.5	15.5	15.5	0.05	0.05	0.05	221.7	221.7	221.7
348	34	1	188.0	188.0	188	0.85	0.85	0.85	2.0	2.0	2	2.0	2.0	2	20.7	20.7	20.7	5.8	5.8	5.8	7.6	7.6	7.6	24.0	24.0	24	0.00	0.00	0	0.00	0.00	0	1.00	1.00	1	0.00	0.00	0	0.00	0.00	0	5.713	5.713	5.713	0.00	0.00	0	0.00	0.00	0	0.20	0.20	0.2	15.7	15.7	15.7	0.18	0.18	0.18	221.7	221.7	221.7
349	35	1	191.4	191.4	191.4	0.86	0.86	0.86	2.0	2.0	2	2.0	2.0	2	21.2	21.2	21.2	10.9	10.9	10.9	7.7	7.7	7.7	24.9	24.9	24.9	0.00	0.00	0	0.00	0.00	0	1.00	1.00	1	0.00	0.00	0	0.00	0.00	0	5.418	5.418	5.418	0.00	0.00	0	0.00	0.00	0	0.30	0.30	0.3	15.8	15.8	15.8	0.27	0.27	0.27	221.7	221.7	221.7
350	36	1	195.0	195.0	195	0.88	0.88	0.88	2.1	2.1	2.1	2.1	2.1	2.1	21.8	21.8	21.8	9.1	9.1	9.1	8.4	8.4	8.4	24.4	24.4	24.4	0.00	0.00	0	0.55	0.55	0.55	1.00	1.00	1	0.00	0.00	0	0.55	0.55	0.55	5.713	5.713	5.713	0.00	0.00	0	0.05	0.05	0.05	0.26	0.26	0.26	16.0	16.0	16	0.23	0.23	0.23	221.7	221.7	221.7
351	37	1	198.9	198.9	198.9	0.90	0.90	0.9	2.1	2.1	2.1	2.1	2.1	2.1	22.5	22.5	22.5	7.9	7.9	7.9	8.7	8.7	8.7	23.1	23.1	23.1	0.00	0.00	0	0.00	0.00	0	1.00	1.00	1	0.00	0.00	0	0.00	0.00	0	5.497	5.497	5.497	0.00	0.00	0	0.00	0.00	0	0.22	0.22	0.22	16.1	16.1	16.1	0.20	0.20	0.2	221.7	221.7	221.7
352	38	1	201.1	201.1	201.1	0.91	0.91	0.91	2.2	2.2	2.2	2.1	2.1	2.1	22.8	22.8	22.8	7.8	7.8	7.8	1.7	1.7	1.7	18.3	18.3	18.3	0.00	0.00	0	0.47	0.47	0.47	1.00	1.00	1	0.00	0.00	0	0.47	0.47	0.47	5.794	5.794	5.794	0.00	0.00	0	0.04	0.04	0.04	0.17	0.17	0.17	16.2	16.2	16.2	0.16	0.16	0.16	221.7	221.7	221.7
353	39	1	203.5	203.5	203.5	0.92	0.92	0.92	2.2	2.2	2.2	2.1	2.1	2.1	23.1	23.1	23.1	12.8	12.8	12.8	2.4	2.4	2.4	23.7	23.7	23.7	0.00	0.00	0	0.00	0.00	0	1.00	1.00	1	0.00	0.00	0	0.00	0.00	0	5.481	5.481	5.481	0.00	0.00	0	0.00	0.00	0	0.31	0.31	0.31	16.3	16.3	16.3	0.28	0.28	0.28	221.7	221.7	221.7
354	40	1	207.4	207.4	207.4	0.94	0.94	0.94	2.2	2.2	2.2	2.2	2.2	2.2	23.7	23.7	23.7	11.8	11.8	11.8	7.3	7.3	7.3	25.1	25.1	25.1	0.00	0.00	0	0.49	0.49	0.49	1.00	1.00	1	0.00	0.00	0	0.49	0.49	0.49	5.654	5.654	5.654	0.00	0.00	0	0.05	0.05	0.05	0.31	0.31	0.31	16.4	16.4	16.4	0.29	0.29	0.29	221.7	221.7	221.7
355	41	1	213.5	213.5	213.5	0.96	0.96	0.96	2.3	2.3	2.3	2.2	2.2	2.2	24.5	24.5	24.5	10.2	10.2	10.2	13.7	13.7	13.7	23.8	23.8	23.8	0.00	0.00	0	0.31	0.31	0.31	1.00	1.00	1	0.00	0.00	0	0.31	0.31	0.31	5.721	5.721	5.721	0.00	0.00	0	0.03	0.03	0.03	0.25	0.25	0.25	16.7	16.7	16.7	0.22	0.22	0.22	221.7	221.7	221.7
356	42	1	219.2	219.2	219.2	0.99	0.99	0.99	2.4	2.4	2.4	2.2	2.2	2.2	25.2	25.2	25.2	5.5	5.5	5.5	11.6	11.6	11.6	27.4	27.4	27.4	0.00	0.00	0	0.00	0.00	0	1.00	1.00	1	0.00	0.00	0	0.00	0.00	0	5.494	5.494	5.494	0.00	0.00	0	0.00	0.00	0	0.23	0.23	0.23	16.9	16.9	16.9	0.21	0.21	0.21	221.7	221.7	221.7
357	43	1	227.0	227.0	227	1.02	1.02	1.02	2.4	2.4	2.4	2.2	2.2	2.2	26.2	26.2	26.2	12.0	12.0	12	16.8	16.8	16.8	26.1	26.1	26.1	0.02	0.02	0.02	0.47	0.47	0.47	1.00	1.00	1	0.02	0.02	0.02	0.47	0.47	0.47	5.681	5.681	5.681	0.01	0.01	0.01	0.06	0.06	0.06	0.30	0.30	0.3	17.2	17.2	17.2	0.27	0.27	0.27	221.7	221.7	221.7
358	44	1	234.5	234.5	234.5	1.06	1.06	1.06	2.5	2.5	2.5	2.3	2.3	2.3	27.0	27.0	27	6.6	6.6	6.6	14.5	14.5	14.5	23.2	23.2	23.2	0.00	0.00	0	0.00	0.00	0	1.00	1.00	1	0.00	0.00	0	0.00	0.00	0	5.510	5.510	5.51	0.00	0.00	0	0.00	0.00	0	0.17	0.17	0.17	17.4	17.4	17.4	0.15	0.15	0.15	221.7	221.7	221.7
359	45	1	241.8	241.8	241.8	1.09	1.09	1.09	2.6	2.6	2.6	2.3	2.3	2.3	27.8	27.8	27.8	9.2	9.2	9.2	12.9	12.9	12.9	25.1	25.1	25.1	0.00	0.00	0	0.46	0.46	0.46	1.00	1.00	1	0.00	0.00	0	0.46	0.46	0.46	5.717	5.717	5.717	0.00	0.00	0	0.04	0.04	0.04	0.25	0.25	0.25	17.7	17.7	17.7	0.23	0.23	0.23	221.7	221.7	221.7
360	46	1	249.0	249.0	249	1.12	1.12	1.12	2.7	2.7	2.7	2.3	2.3	2.3	28.6	28.6	28.6	6.9	6.9	6.9	11.8	11.8	11.8	21.9	21.9	21.9	0.00	0.00	0	0.00	0.00	0	1.00	1.00	1	0.00	0.00	0	0.00	0.00	0	5.544	5.544	5.544	0.00	0.00	0	0.00	0.00	0	0.17	0.17	0.17	17.9	17.9	17.9	0.16	0.16	0.16	221.7	221.7	221.7
361	47	1	255.0	255.0	255	1.15	1.15	1.15	2.8	2.8	2.8	2.3	2.3	2.3	29.2	29.2	29.2	9.0	9.0	9	8.1	8.1	8.1	20.4	20.4	20.4	0.57	0.57	0.57	0.42	0.42	0.42	1.00	1.00	1	0.57	0.57	0.57	0.42	0.42	0.42	5.968	5.968	5.968	0.37	0.37	0.37	0.42	0.42	0.42	0.20	0.20	0.2	18.1	18.1	18.1	0.19	0.19	0.19	221.7	221.7	221.7
362	48	1	256.0	256.0	256	1.15	1.15	1.15	2.8	2.8	2.8	2.3	2.3	2.3	29.4	29.4	29.4	6.1	6.1	6.1	0.4	0.4	0.4	16.9	16.9	16.9	0.00	0.00	0	0.00	0.00	0	1.00	1.00	1	0.00	0.00	0	0.00	0.00	0	5.830	5.830	5.83	0.00	0.00	0	0.00	0.00	0	0.14	0.14	0.14	18.2	18.2	18.2	0.13	0.13	0.13	221.7	221.7	221.7
363	49	1	259.6	259.6	259.6	1.17	1.17	1.17	2.8	2.8	2.8	2.4	2.4	2.4	29.7	29.7	29.7	12.7	12.7	12.7	2.2	2.2	2.2	18.9	18.9	18.9	0.00	0.00	0	0.00	0.00	0	1.00	1.00	1	0.00	0.00	0	0.00	0.00	0	5.577	5.577	5.577	0.00	0.00	0	0.00	0.00	0	0.25	0.25	0.25	18.3	18.3	18.3	0.23	0.23	0.23	221.7	221.7	221.7
364	50	1	263.5	263.5	263.5	1.19	1.19	1.19	2.9	2.9	2.9	2.4	2.4	2.4	30.1	30.1	30.1	12.3	12.3	12.3	2.7	2.7	2.7	21.4	21.4	21.4	0.00	0.00	0	0.39	0.39	0.39	1.00	1.00	1	0.00	0.00	0	0.39	0.39	0.39	5.693	5.693	5.693	0.00	0.00	0	0.04	0.04	0.04	0.28	0.28	0.28	18.4	18.4	18.4	0.25	0.25	0.25	221.7	221.7	221.7
365	51	1	270.3	270.3	270.3	1.22	1.22	1.22	2.9	2.9	2.9	2.4	2.4	2.4	30.7	30.7	30.7	6.1	6.1	6.1	8.8	8.8	8.8	25.2	25.2	25.2	0.00	0.00	0	0.00	0.00	0	1.00	1.00	1	0.00	0.00	0	0.00	0.00	0	5.480	5.480	5.48	0.00	0.00	0	0.00	0.00	0	0.21	0.21	0.21	18.7	18.7	18.7	0.19	0.19	0.19	221.7	221.7	221.7
1	52	1	277.1	277.1	277.1	1.25	1.25	1.25	3.0	3.0	3	2.4	2.4	2.4	31.3	31.3	31.3	11.2	11.2	11.2	8.3	8.3	8.3	23.5	23.5	23.5	0.00	0.00	0	0.49	0.49	0.49	1.00	1.00	1	0.00	0.00	0	0.49	0.49	0.49	5.690	5.690	5.69	0.00	0.00	0	0.05	0.05	0.05	0.28	0.28	0.28	18.9	18.9	18.9	0.25	0.25	0.25	221.7	221.7	221.7
2	53	1	281.9	281.9	281.9	1.27	1.27	1.27	3.1	3.1	3.1	2.4	2.4	2.4	31.7	31.7	31.7	9.9	9.9	9.9	4.1	4.1	4.1	17.7	17.7	17.7	0.11	0.11	0.11	0.00	0.00	0	1.00	1.00	1	0.11	0.11	0.11	0.00	0.00	0	5.602	5.602	5.602	0.00	0.00	0	0.01	0.01	0.01	0.20	0.20	0.2	19.0	19.0	19	0.18	0.18	0.18	221.7	221.7	221.7
3	54	1	281.9	281.9	281.9	1.27	1.27	1.27	3.1	3.1	3.1	2.4	2.4	2.4	31.7	31.7	31.7	13.0	13.0	13	-5.0	-5.0	-5	7.5	7.5	7.5	0.00	0.00	0	0.37	0.37	0.37	1.00	1.00	1	0.00	0.00	0	0.37	0.37	0.37	5.807	5.807	5.807	0.00	0.00	0	0.03	0.03	0.03	0.16	0.16	0.16	19.0	19.0	19	0.15	0.15	0.15	221.7	221.7	221.7
4	55	1	281.9	281.9	281.9	1.27	1.27	1.27	3.1	3.1	3.1	2.4	2.4	2.4	31.7	31.7	31.7	13.1	13.1	13.1	-7.7	-7.7	-7.7	13.3	13.3	13.3	0.00	0.00	0	0.00	0.00	0	1.00	1.00	1	0.00	0.00	0	0.00	0.00	0	5.611	5.611	5.611	0.00	0.00	0	0.00	0.00	0	0.20	0.20	0.2	19.0	19.0	19	0.18	0.18	0.18	221.7	221.7	221.7
5	56	1	282.8	282.8	282.8	1.28	1.28	1.28	3.1	3.1	3.1	2.5	2.5	2.5	31.8	31.8	31.8	13.1	13.1	13.1	-3.7	-3.7	-3.7	19.9	19.9	19.9	0.00	0.00	0	0.36	0.36	0.36	1.00	1.00	1	0.00	0.00	0	0.36	0.36	0.36	5.705	5.705	5.705	0.00	0.00	0	0.03	0.03	0.03	0.26	0.26	0.26	19.1	19.1	19.1	0.24	0.24	0.24	221.7	221.7	221.7
6	57	1	287.7	287.7	287.7	1.30	1.30	1.3	3.1	3.1	3.1	2.5	2.5	2.5	32.2	32.2	32.2	11.7	11.7	11.7	3.7	3.7	3.7	21.8	21.8	21.8	0.00	0.00	0	0.00	0.00	0	1.00	1.00	1	0.00	0.00	0	0.00	0.00	0	5.435	5.435	5.435	0.00	0.00	0	0.00	0.00	0	0.27	0.27	0.27	19.2	19.2	19.2	0.25	0.25	0.25	221.7	221.7	221.7
7	58	1	293.6	293.6	293.6	1.32	1.32	1.32	3.2	3.2	3.2	2.5	2.5	2.5	32.7	32.7	32.7	11.9	11.9	11.9	5.6	5.6	5.6	23.5	23.5	23.5	0.00	0.00	0	0.53	0.53	0.53	1.00	1.00	1	0.00	0.00	0	0.53	0.53	0.53	5.674	5.674	5.674	0.00	0.00	0	0.05	0.05	0.05	0.29	0.29	0.29	19.4	19.4	19.4	0.27	0.27	0.27	221.7	221.7	221.7
8	59	1	299.1	299.1	299.1	1.35	1.35	1.35	3.3	3.3	3.3	2.6	2.6	2.6	33.1	33.1	33.1	9.3	9.3	9.3	4.5	4.5	4.5	25.7	25.7	25.7	0.00	0.00	0	0.00	0.00	0	1.00	1.00	1	0.00	0.00	0	0.00	0.00	0	5.388	5.388	5.388	0.00	0.00	0	0.00	0.00	0	0.29	0.29	0.29	19.6	19.6	19.6	0.26	0.26	0.26	221.7	221.7	221.7
9	60	1	305.7	305.7	305.7	1.38	1.38	1.38	3.3	3.3	3.3	2.6	2.6	2.6	33.7	33.7	33.7	12.4	12.4	12.4	6.3	6.3	6.3	25.1	25.1	25.1	0.00	0.00	0	0.58	0.58	0.58	1.00	1.00	1	0.00	0.00	0	0.58	0.58	0.58	5.642	5.642	5.642	0.00	0.00	0	0.05	0.05	0.05	0.33	0.33	0.33	19.8	19.8	19.8	0.30	0.30	0.3	221.7	221.7	221.7
10	61	1	312.5	312.5	312.5	1.41	1.41	1.41	3.4	3.4	3.4	2.7	2.7	2.7	34.2	34.2	34.2	12.4	12.4	12.4	6.3	6.3	6.3	25.1	25.1	25.1	0.00	0.00	0	0.33	0.33	0.33	1.00	1.00	1	0.00	0.00	0	0.33	0.33	0.33	5.642	5.642	5.642	0.00	0.00	0	0.03	0.03	0.03	0.33	0.33	0.33	20.0	20.0	20	0.30	0.30	0.3	221.7	221.7	221.7
