 Run: data/cwarner/auto2012b          
 
			Max	Min	Mean	Max	Min	Mean	Max	Min	Mean	Max	Min	Mean	Max	Min	Mean	Max	Min	Mean	Max	Min	Mean	Max	Min	Mean	Max	Min	Mean	Max	Min	Mean	Max	Min	Mean	Max	Min	Mean	Max	Min	Mean	Max	Min	Mean	Max	Min	Mean
DOY	DAY	Ndays	SubN	SubN	SubN	DrCm3	DrCm3	DrCm3	DrNconc	DrNconc	DrNconc	DrainN	DrainN	DrainN	NReleas	NReleas	NReleas	NUptake	NUptake	NUptake	CumDr	CumDr	CumDr	CumDrN	CumDrN	CumDrN	ROcm3	ROcm3	ROcm3	RO_Ncon	RO_Ncon	RO_Ncon	Ro_N	Ro_N	Ro_N	CumRoN	CumRoN	CumRoN	THRU_N	THRU_N	THRU_N	IrN	IrN	IrN	CumIrN	CumIrN	CumIrN
289	1	1	0.58592	0.58592	0.58592	65.5	65.5	65.5	0.00020	0.00020	0.00020	0.01352	0.01352	0.01352	0.00000	0.00000	0	0.00055	0.00055	0.00055	65.5	65.5	65.5	0.01352	0.01352	0.01352	74.3	74.3	74.3	0.00018	0.00018	0.00018	0.01352	0.01352	0.01352	0.01352	0.01352	0.01352	0.00000	0.00000	0	0.00000	0.00000	0	0.00000	0.00000	0
316	2	1	0.58589	0.58589	0.58589	0.0	0.0	0	0.00000	0.00000	0	0.00000	0.00000	0	0.00022	0.00022	0.00022	0.00024	0.00024	0.00024	65.5	65.5	65.5	0.01352	0.01352	0.01352	0.0	0.0	0	0.00000	0.00000	0	0.00000	0.00000	0	0.01352	0.01352	0.01352	0.00000	0.00000	0	0.00000	0.00000	0	0.00000	0.00000	0
317	3	1	0.58567	0.58567	0.58567	0.0	0.0	0	0.00000	0.00000	0	0.00000	0.00000	0	0.00042	0.00042	0.00042	0.00064	0.00064	0.00064	65.5	65.5	65.5	0.01352	0.01352	0.01352	6.8	6.8	6.8	0.00000	0.00000	0	0.00000	0.00000	0	0.01352	0.01352	0.01352	0.00000	0.00000	0	0.00000	0.00000	0	0.00000	0.00000	0
318	4	1	0.58562	0.58562	0.58562	0.0	0.0	0	0.00000	0.00000	0	0.00000	0.00000	0	0.00066	0.00066	0.00066	0.00072	0.00072	0.00072	65.5	65.5	65.5	0.01352	0.01352	0.01352	7.4	7.4	7.4	0.00000	0.00000	0	0.00000	0.00000	0	0.01352	0.01352	0.01352	0.00000	0.00000	0	0.00000	0.00000	0	0.00000	0.00000	0
319	5	1	0.58587	0.58587	0.58587	0.0	0.0	0	0.00000	0.00000	0	0.00000	0.00000	0	0.00104	0.00104	0.00104	0.00079	0.00079	0.00079	65.5	65.5	65.5	0.01352	0.01352	0.01352	8.6	8.6	8.6	0.00000	0.00000	0	0.00000	0.00000	0	0.01352	0.01352	0.01352	0.00000	0.00000	0	0.00000	0.00000	0	0.00000	0.00000	0
320	6	1	0.58653	0.58653	0.58653	0.0	0.0	0	0.00000	0.00000	0	0.00000	0.00000	0	0.00152	0.00152	0.00152	0.00085	0.00085	0.00085	65.5	65.5	65.5	0.01352	0.01352	0.01352	7.2	7.2	7.2	0.00000	0.00000	0	0.00000	0.00000	0	0.01352	0.01352	0.01352	0.00000	0.00000	0	0.00000	0.00000	0	0.00000	0.00000	0
321	7	1	0.55700	0.55700	0.557	271.4	271.4	271.4	0.00011	0.00011	0.00011	0.03005	0.03005	0.03005	0.00123	0.00123	0.00123	0.00072	0.00072	0.00072	336.8	336.8	336.8	0.04357	0.04357	0.04357	311.2	311.2	311.2	0.00009	0.00009	9.E-5	0.03005	0.03005	0.03005	0.04357	0.04357	0.04357	0.00000	0.00000	0	0.00000	0.00000	0	0.00000	0.00000	0
322	8	1	0.55748	0.55748	0.55748	0.0	0.0	0	0.00000	0.00000	0	0.00000	0.00000	0	0.00104	0.00104	0.00104	0.00055	0.00055	0.00055	336.8	336.8	336.8	0.04357	0.04357	0.04357	0.0	0.0	0	0.00000	0.00000	0	0.00000	0.00000	0	0.04357	0.04357	0.04357	0.00000	0.00000	0	0.00000	0.00000	0	0.00000	0.00000	0
323	9	1	0.55803	0.55803	0.55803	0.0	0.0	0	0.00000	0.00000	0	0.00000	0.00000	0	0.00129	0.00129	0.00129	0.00074	0.00074	0.00074	336.8	336.8	336.8	0.04357	0.04357	0.04357	0.4	0.4	0.4	0.00000	0.00000	0	0.00000	0.00000	0	0.04357	0.04357	0.04357	0.00000	0.00000	0	0.00000	0.00000	0	0.00000	0.00000	0
324	10	1	0.55945	0.55945	0.55945	0.0	0.0	0	0.00000	0.00000	0	0.00000	0.00000	0	0.00192	0.00192	0.00192	0.00050	0.00050	0.00050	336.8	336.8	336.8	0.04357	0.04357	0.04357	9.4	9.4	9.4	0.00000	0.00000	0	0.00000	0.00000	0	0.04357	0.04357	0.04357	0.00000	0.00000	0	0.00000	0.00000	0	0.00000	0.00000	0
325	11	1	0.56064	0.56064	0.56064	0.0	0.0	0	0.00000	0.00000	0	0.00000	0.00000	0	0.00203	0.00203	0.00203	0.00084	0.00084	0.00084	336.8	336.8	336.8	0.04357	0.04357	0.04357	0.0	0.0	0	0.00000	0.00000	0	0.00000	0.00000	0	0.04357	0.04357	0.04357	0.00000	0.00000	0	0.00000	0.00000	0	0.00000	0.00000	0
326	12	1	0.56206	0.56206	0.56206	0.0	0.0	0	0.00000	0.00000	0	0.00000	0.00000	0	0.00232	0.00232	0.00232	0.00089	0.00089	0.00089	336.8	336.8	336.8	0.04357	0.04357	0.04357	11.8	11.8	11.8	0.00000	0.00000	0	0.00000	0.00000	0	0.04357	0.04357	0.04357	0.00000	0.00000	0	0.00000	0.00000	0	0.00000	0.00000	0
327	13	1	0.53989	0.53989	0.53989	161.9	161.9	161.9	0.00014	0.00014	0.00014	0.02364	0.02364	0.02364	0.00230	0.00230	0.00230	0.00083	0.00083	0.00083	498.7	498.7	498.7	0.06722	0.06722	0.06722	191.0	191.0	191	0.00012	0.00012	0.00012	0.02364	0.02364	0.02364	0.06722	0.06722	0.06722	0.00000	0.00000	0	0.00000	0.00000	0	0.00000	0.00000	0
328	14	1	0.54117	0.54117	0.54117	0.0	0.0	0	0.00000	0.00000	0	0.00000	0.00000	0	0.00196	0.00196	0.00196	0.00068	0.00068	0.00068	498.7	498.7	498.7	0.06722	0.06722	0.06722	0.0	0.0	0	0.00000	0.00000	0	0.00000	0.00000	0	0.06722	0.06722	0.06722	0.00000	0.00000	0	0.00000	0.00000	0	0.00000	0.00000	0
329	15	1	0.54258	0.54258	0.54258	0.0	0.0	0	0.00000	0.00000	0	0.00000	0.00000	0	0.00229	0.00229	0.00229	0.00088	0.00088	0.00088	498.7	498.7	498.7	0.06722	0.06722	0.06722	0.0	0.0	0	0.00000	0.00000	0	0.00000	0.00000	0	0.06722	0.06722	0.06722	0.00000	0.00000	0	0.00000	0.00000	0	0.00000	0.00000	0
330	16	1	0.54439	0.54439	0.54439	0.0	0.0	0	0.00000	0.00000	0	0.00000	0.00000	0	0.00274	0.00274	0.00274	0.00093	0.00093	0.00093	498.7	498.7	498.7	0.06722	0.06722	0.06722	10.3	10.3	10.3	0.00000	0.00000	0	0.00000	0.00000	0	0.06722	0.06722	0.06722	0.00000	0.00000	0	0.00000	0.00000	0	0.00000	0.00000	0
331	17	1	0.54655	0.54655	0.54655	0.0	0.0	0	0.00000	0.00000	0	0.00000	0.00000	0	0.00317	0.00317	0.00317	0.00102	0.00102	0.00102	498.7	498.7	498.7	0.06722	0.06722	0.06722	6.3	6.3	6.3	0.00000	0.00000	0	0.00000	0.00000	0	0.06722	0.06722	0.06722	0.00000	0.00000	0	0.00000	0.00000	0	0.00000	0.00000	0
332	18	1	0.54169	0.54169	0.54169	32.2	32.2	32.2	0.00020	0.00020	0.00020	0.00667	0.00667	0.00667	0.00283	0.00283	0.00283	0.00102	0.00102	0.00102	530.9	530.9	530.9	0.07388	0.07388	0.07388	46.1	46.1	46.1	0.00014	0.00014	0.00014	0.00667	0.00667	0.00667	0.07388	0.07388	0.07388	0.00000	0.00000	0	0.00000	0.00000	0	0.00000	0.00000	0
333	19	1	0.54350	0.54350	0.54350	0.0	0.0	0	0.00000	0.00000	0	0.00000	0.00000	0	0.00222	0.00222	0.00222	0.00041	0.00041	0.00041	530.9	530.9	530.9	0.07388	0.07388	0.07388	0.4	0.4	0.4	0.00000	0.00000	0	0.00000	0.00000	0	0.07388	0.07388	0.07388	0.00000	0.00000	0	0.00000	0.00000	0	0.00000	0.00000	0
334	20	1	0.54540	0.54540	0.54540	0.0	0.0	0	0.00000	0.00000	0	0.00000	0.00000	0	0.00202	0.00202	0.00202	0.00012	0.00012	0.00012	530.9	530.9	530.9	0.07388	0.07388	0.07388	0.0	0.0	0	0.00000	0.00000	0	0.00000	0.00000	0	0.07388	0.07388	0.07388	0.00000	0.00000	0	0.00000	0.00000	0	0.00000	0.00000	0
335	21	1	0.54735	0.54735	0.54735	0.0	0.0	0	0.00000	0.00000	0	0.00000	0.00000	0	0.00223	0.00223	0.00223	0.00027	0.00027	0.00027	530.9	530.9	530.9	0.07388	0.07388	0.07388	7.8	7.8	7.8	0.00000	0.00000	0	0.00000	0.00000	0	0.07388	0.07388	0.07388	0.00000	0.00000	0	0.00000	0.00000	0	0.00000	0.00000	0
336	22	1	0.54941	0.54941	0.54941	0.0	0.0	0	0.00000	0.00000	0	0.00000	0.00000	0	0.00273	0.00273	0.00273	0.00067	0.00067	0.00067	530.9	530.9	530.9	0.07388	0.07388	0.07388	0.0	0.0	0	0.00000	0.00000	0	0.00000	0.00000	0	0.07388	0.07388	0.07388	0.00000	0.00000	0	0.00000	0.00000	0	0.00000	0.00000	0
337	23	1	0.55171	0.55171	0.55171	0.0	0.0	0	0.00000	0.00000	0	0.00000	0.00000	0	0.00316	0.00316	0.00316	0.00086	0.00086	0.00086	530.9	530.9	530.9	0.07388	0.07388	0.07388	11.3	11.3	11.3	0.00000	0.00000	0	0.00000	0.00000	0	0.07388	0.07388	0.07388	0.00000	0.00000	0	0.00000	0.00000	0	0.00000	0.00000	0
338	24	1	0.55438	0.55438	0.55438	0.0	0.0	0	0.00000	0.00000	0	0.00000	0.00000	0	0.00385	0.00385	0.00385	0.00118	0.00118	0.00118	530.9	530.9	530.9	0.07388	0.07388	0.07388	6.4	6.4	6.4	0.00000	0.00000	0	0.00000	0.00000	0	0.07388	0.07388	0.07388	0.00000	0.00000	0	0.00000	0.00000	0	0.00000	0.00000	0
339	25	1	0.55749	0.55749	0.55749	0.0	0.0	0	0.00000	0.00000	0	0.00000	0.00000	0	0.00401	0.00401	0.00401	0.00090	0.00090	0.00090	530.9	530.9	530.9	0.07388	0.07388	0.07388	0.0	0.0	0	0.00000	0.00000	0	0.00000	0.00000	0	0.07388	0.07388	0.07388	0.00000	0.00000	0	0.00000	0.00000	0	0.00000	0.00000	0
340	26	1	0.56108	0.56108	0.56108	0.0	0.0	0	0.00000	0.00000	0	0.00000	0.00000	0	0.00487	0.00487	0.00487	0.00129	0.00129	0.00129	530.9	530.9	530.9	0.07388	0.07388	0.07388	10.1	10.1	10.1	0.00000	0.00000	0	0.00000	0.00000	0	0.07388	0.07388	0.07388	0.00000	0.00000	0	0.00000	0.00000	0	0.00000	0.00000	0
341	27	1	0.55733	0.55733	0.55733	31.2	31.2	31.2	0.00021	0.00021	0.00021	0.00665	0.00665	0.00665	0.00380	0.00380	0.00380	0.00090	0.00090	0.00090	562.0	562.0	562	0.08054	0.08054	0.08054	44.0	44.0	44	0.00015	0.00015	0.00015	0.00665	0.00665	0.00665	0.08054	0.08054	0.08054	0.00000	0.00000	0	0.00000	0.00000	0	0.00000	0.00000	0
342	28	1	0.56006	0.56006	0.56006	0.0	0.0	0	0.00000	0.00000	0	0.00000	0.00000	0	0.00280	0.00280	0.00280	0.00007	0.00007	7.E-5	562.0	562.0	562	0.08054	0.08054	0.08054	0.0	0.0	0	0.00000	0.00000	0	0.00000	0.00000	0	0.08054	0.08054	0.08054	0.00000	0.00000	0	0.00000	0.00000	0	0.00000	0.00000	0
343	29	1	0.56309	0.56309	0.56309	0.0	0.0	0	0.00000	0.00000	0	0.00000	0.00000	0	0.00422	0.00422	0.00422	0.00119	0.00119	0.00119	562.0	562.0	562	0.08054	0.08054	0.08054	0.0	0.0	0	0.00000	0.00000	0	0.00000	0.00000	0	0.08054	0.08054	0.08054	0.00000	0.00000	0	0.00000	0.00000	0	0.00000	0.00000	0
344	30	1	0.56554	0.56554	0.56554	2.0	2.0	2	0.00023	0.00023	0.00023	0.00046	0.00046	0.00046	0.00383	0.00383	0.00383	0.00091	0.00091	0.00091	564.1	564.1	564.1	0.08101	0.08101	0.08101	13.6	13.6	13.6	0.00003	0.00003	3.E-5	0.00046	0.00046	0.00046	0.08101	0.08101	0.08101	0.00000	0.00000	0	0.00000	0.00000	0	0.00000	0.00000	0
345	31	1	0.56893	0.56893	0.56893	0.0	0.0	0	0.00000	0.00000	0	0.00000	0.00000	0	0.00408	0.00408	0.00408	0.00070	0.00070	0.00070	564.1	564.1	564.1	0.08101	0.08101	0.08101	0.0	0.0	0	0.00000	0.00000	0	0.00000	0.00000	0	0.08101	0.08101	0.08101	0.00000	0.00000	0	0.00000	0.00000	0	0.00000	0.00000	0
346	32	1	0.54589	0.54589	0.54589	198.7	198.7	198.7	0.00013	0.00013	0.00013	0.02638	0.02638	0.02638	0.00418	0.00418	0.00418	0.00083	0.00083	0.00083	762.7	762.7	762.7	0.10739	0.10739	0.10739	223.9	223.9	223.9	0.00011	0.00011	0.00011	0.02638	0.02638	0.02638	0.10739	0.10739	0.10739	0.00000	0.00000	0	0.00000	0.00000	0	0.00000	0.00000	0
347	33	1	0.54974	0.54974	0.54974	0.0	0.0	0	0.00000	0.00000	0	0.00000	0.00000	0	0.00443	0.00443	0.00443	0.00058	0.00058	0.00058	762.7	762.7	762.7	0.10739	0.10739	0.10739	0.0	0.0	0	0.00000	0.00000	0	0.00000	0.00000	0	0.10739	0.10739	0.10739	0.00000	0.00000	0	0.00000	0.00000	0	0.00000	0.00000	0
348	34	1	0.55368	0.55368	0.55368	0.0	0.0	0	0.00000	0.00000	0	0.00000	0.00000	0	0.00498	0.00498	0.00498	0.00104	0.00104	0.00104	762.7	762.7	762.7	0.10739	0.10739	0.10739	0.0	0.0	0	0.00000	0.00000	0	0.00000	0.00000	0	0.10739	0.10739	0.10739	0.00000	0.00000	0	0.00000	0.00000	0	0.00000	0.00000	0
349	35	1	0.55765	0.55765	0.55765	0.0	0.0	0	0.00000	0.00000	0	0.00000	0.00000	0	0.00529	0.00529	0.00529	0.00133	0.00133	0.00133	762.7	762.7	762.7	0.10739	0.10739	0.10739	0.0	0.0	0	0.00000	0.00000	0	0.00000	0.00000	0	0.10739	0.10739	0.10739	0.00000	0.00000	0	0.00000	0.00000	0	0.00000	0.00000	0
350	36	1	0.56173	0.56173	0.56173	0.0	0.0	0	0.00000	0.00000	0	0.00000	0.00000	0	0.00546	0.00546	0.00546	0.00138	0.00138	0.00138	762.7	762.7	762.7	0.10739	0.10739	0.10739	11.4	11.4	11.4	0.00000	0.00000	0	0.00000	0.00000	0	0.10739	0.10739	0.10739	0.00000	0.00000	0	0.00000	0.00000	0	0.00000	0.00000	0
351	37	1	0.56585	0.56585	0.56585	0.0	0.0	0	0.00000	0.00000	0	0.00000	0.00000	0	0.00546	0.00546	0.00546	0.00135	0.00135	0.00135	762.7	762.7	762.7	0.10739	0.10739	0.10739	0.0	0.0	0	0.00000	0.00000	0	0.00000	0.00000	0	0.10739	0.10739	0.10739	0.00000	0.00000	0	0.00000	0.00000	0	0.00000	0.00000	0
352	38	1	0.56940	0.56940	0.56940	0.0	0.0	0	0.00000	0.00000	0	0.00000	0.00000	0	0.00419	0.00419	0.00419	0.00063	0.00063	0.00063	762.7	762.7	762.7	0.10739	0.10739	0.10739	9.7	9.7	9.7	0.00000	0.00000	0	0.00000	0.00000	0	0.10739	0.10739	0.10739	0.00000	0.00000	0	0.00000	0.00000	0	0.00000	0.00000	0
353	39	1	0.57339	0.57339	0.57339	0.0	0.0	0	0.00000	0.00000	0	0.00000	0.00000	0	0.00499	0.00499	0.00499	0.00100	0.00100	0.00100	762.7	762.7	762.7	0.10739	0.10739	0.10739	0.0	0.0	0	0.00000	0.00000	0	0.00000	0.00000	0	0.10739	0.10739	0.10739	0.00000	0.00000	0	0.00000	0.00000	0	0.00000	0.00000	0
354	40	1	0.57794	0.57794	0.57794	0.0	0.0	0	0.00000	0.00000	0	0.00000	0.00000	0	0.00603	0.00603	0.00603	0.00148	0.00148	0.00148	762.7	762.7	762.7	0.10739	0.10739	0.10739	10.1	10.1	10.1	0.00000	0.00000	0	0.00000	0.00000	0	0.10739	0.10739	0.10739	0.00000	0.00000	0	0.00000	0.00000	0	0.00000	0.00000	0
355	41	1	0.58315	0.58315	0.58315	0.0	0.0	0	0.00000	0.00000	0	0.00000	0.00000	0	0.00712	0.00712	0.00712	0.00190	0.00190	0.00190	762.7	762.7	762.7	0.10739	0.10739	0.10739	6.5	6.5	6.5	0.00000	0.00000	0	0.00000	0.00000	0	0.10739	0.10739	0.10739	0.00000	0.00000	0	0.00000	0.00000	0	0.00000	0.00000	0
356	42	1	0.58916	0.58916	0.58916	0.0	0.0	0	0.00000	0.00000	0	0.00000	0.00000	0	0.00758	0.00758	0.00758	0.00157	0.00157	0.00157	762.7	762.7	762.7	0.10739	0.10739	0.10739	0.0	0.0	0	0.00000	0.00000	0	0.00000	0.00000	0	0.10739	0.10739	0.10739	0.00000	0.00000	0	0.00000	0.00000	0	0.00000	0.00000	0
357	43	1	0.59523	0.59523	0.59523	2.0	2.0	2	0.00024	0.00024	0.00024	0.00049	0.00049	0.00049	0.00882	0.00882	0.00882	0.00226	0.00226	0.00226	764.8	764.8	764.8	0.10788	0.10788	0.10788	12.2	12.2	12.2	0.00004	0.00004	4.E-5	0.00049	0.00049	0.00049	0.10788	0.10788	0.10788	0.00000	0.00000	0	0.00000	0.00000	0	0.00000	0.00000	0
358	44	1	0.60086	0.60086	0.60086	0.0	0.0	0	0.00000	0.00000	0	0.00000	0.00000	0	0.00765	0.00765	0.00765	0.00202	0.00202	0.00202	764.8	764.8	764.8	0.10788	0.10788	0.10788	0.0	0.0	0	0.00000	0.00000	0	0.00000	0.00000	0	0.10788	0.10788	0.10788	0.00000	0.00000	0	0.00000	0.00000	0	0.00000	0.00000	0
359	45	1	0.60659	0.60659	0.60659	0.0	0.0	0	0.00000	0.00000	0	0.00000	0.00000	0	0.00792	0.00792	0.00792	0.00219	0.00219	0.00219	764.8	764.8	764.8	0.10788	0.10788	0.10788	9.5	9.5	9.5	0.00000	0.00000	0	0.00000	0.00000	0	0.10788	0.10788	0.10788	0.00000	0.00000	0	0.00000	0.00000	0	0.00000	0.00000	0
360	46	1	0.61173	0.61173	0.61173	0.0	0.0	0	0.00000	0.00000	0	0.00000	0.00000	0	0.00714	0.00714	0.00714	0.00200	0.00200	0.00200	764.8	764.8	764.8	0.10788	0.10788	0.10788	0.0	0.0	0	0.00000	0.00000	0	0.00000	0.00000	0	0.10788	0.10788	0.10788	0.00000	0.00000	0	0.00000	0.00000	0	0.00000	0.00000	0
361	47	1	0.60114	0.60114	0.60114	73.5	73.5	73.5	0.00020	0.00020	0.00020	0.01512	0.01512	0.01512	0.00636	0.00636	0.00636	0.00182	0.00182	0.00182	838.3	838.3	838.3	0.12300	0.12300	0.12300	94.0	94.0	94	0.00016	0.00016	0.00016	0.01512	0.01512	0.01512	0.12300	0.12300	0.12300	0.00000	0.00000	0	0.00000	0.00000	0	0.00000	0.00000	0
362	48	1	0.60578	0.60578	0.60578	0.0	0.0	0	0.00000	0.00000	0	0.00000	0.00000	0	0.00498	0.00498	0.00498	0.00034	0.00034	0.00034	838.3	838.3	838.3	0.12300	0.12300	0.12300	0.0	0.0	0	0.00000	0.00000	0	0.00000	0.00000	0	0.12300	0.12300	0.12300	0.00000	0.00000	0	0.00000	0.00000	0	0.00000	0.00000	0
363	49	1	0.61026	0.61026	0.61026	0.0	0.0	0	0.00000	0.00000	0	0.00000	0.00000	0	0.00556	0.00556	0.00556	0.00108	0.00108	0.00108	838.3	838.3	838.3	0.12300	0.12300	0.12300	0.0	0.0	0	0.00000	0.00000	0	0.00000	0.00000	0	0.12300	0.12300	0.12300	0.00000	0.00000	0	0.00000	0.00000	0	0.00000	0.00000	0
364	50	1	0.61503	0.61503	0.61503	0.0	0.0	0	0.00000	0.00000	0	0.00000	0.00000	0	0.00608	0.00608	0.00608	0.00131	0.00131	0.00131	838.3	838.3	838.3	0.12300	0.12300	0.12300	8.1	8.1	8.1	0.00000	0.00000	0	0.00000	0.00000	0	0.12300	0.12300	0.12300	0.00000	0.00000	0	0.00000	0.00000	0	0.00000	0.00000	0
365	51	1	0.62113	0.62113	0.62113	0.0	0.0	0	0.00000	0.00000	0	0.00000	0.00000	0	0.00798	0.00798	0.00798	0.00188	0.00188	0.00188	838.3	838.3	838.3	0.12300	0.12300	0.12300	0.0	0.0	0	0.00000	0.00000	0	0.00000	0.00000	0	0.12300	0.12300	0.12300	0.00000	0.00000	0	0.00000	0.00000	0	0.00000	0.00000	0
1	52	1	0.62662	0.62662	0.62662	0.0	0.0	0	0.00000	0.00000	0	0.00000	0.00000	0	0.00769	0.00769	0.00769	0.00220	0.00220	0.00220	838.3	838.3	838.3	0.12300	0.12300	0.12300	10.1	10.1	10.1	0.00000	0.00000	0	0.00000	0.00000	0	0.12300	0.12300	0.12300	0.00000	0.00000	0	0.00000	0.00000	0	0.00000	0.00000	0
2	53	1	0.63132	0.63132	0.63132	0.0	0.0	0	0.00000	0.00000	0	0.00000	0.00000	0	0.00609	0.00609	0.00609	0.00139	0.00139	0.00139	838.3	838.3	838.3	0.12300	0.12300	0.12300	2.3	2.3	2.3	0.00000	0.00000	0	0.00000	0.00000	0	0.12300	0.12300	0.12300	0.00000	0.00000	0	0.00000	0.00000	0	0.00000	0.00000	0
3	54	1	0.63562	0.63562	0.63562	0.0	0.0	0	0.00000	0.00000	0	0.00000	0.00000	0	0.00430	0.00430	0.00430	0.00000	0.00000	7.E-6	838.3	838.3	838.3	0.12300	0.12300	0.12300	7.6	7.6	7.6	0.00000	0.00000	0	0.00000	0.00000	0	0.12300	0.12300	0.12300	0.00000	0.00000	0	0.00000	0.00000	0	0.00000	0.00000	0
4	55	1	0.64021	0.64021	0.64021	0.0	0.0	0	0.00000	0.00000	0	0.00000	0.00000	0	0.00460	0.00460	0.00460	0.00000	0.00000	7.E-6	838.3	838.3	838.3	0.12300	0.12300	0.12300	0.0	0.0	0	0.00000	0.00000	0	0.00000	0.00000	0	0.12300	0.12300	0.12300	0.00000	0.00000	0	0.00000	0.00000	0	0.00000	0.00000	0
5	56	1	0.64568	0.64568	0.64568	0.0	0.0	0	0.00000	0.00000	0	0.00000	0.00000	0	0.00571	0.00571	0.00571	0.00024	0.00024	0.00024	838.3	838.3	838.3	0.12300	0.12300	0.12300	7.4	7.4	7.4	0.00000	0.00000	0	0.00000	0.00000	0	0.12300	0.12300	0.12300	0.00000	0.00000	0	0.00000	0.00000	0	0.00000	0.00000	0
6	57	1	0.65122	0.65122	0.65122	0.0	0.0	0	0.00000	0.00000	0	0.00000	0.00000	0	0.00716	0.00716	0.00716	0.00162	0.00162	0.00162	838.3	838.3	838.3	0.12300	0.12300	0.12300	0.0	0.0	0	0.00000	0.00000	0	0.00000	0.00000	0	0.12300	0.12300	0.12300	0.00000	0.00000	0	0.00000	0.00000	0	0.00000	0.00000	0
7	58	1	0.65720	0.65720	0.6572	0.0	0.0	0	0.00000	0.00000	0	0.00000	0.00000	0	0.00799	0.00799	0.00799	0.00201	0.00201	0.00201	838.3	838.3	838.3	0.12300	0.12300	0.12300	11.0	11.0	11	0.00000	0.00000	0	0.00000	0.00000	0	0.12300	0.12300	0.12300	0.00000	0.00000	0	0.00000	0.00000	0	0.00000	0.00000	0
8	59	1	0.66362	0.66362	0.66362	0.0	0.0	0	0.00000	0.00000	0	0.00000	0.00000	0	0.00834	0.00834	0.00834	0.00192	0.00192	0.00192	838.3	838.3	838.3	0.12300	0.12300	0.12300	0.0	0.0	0	0.00000	0.00000	0	0.00000	0.00000	0	0.12300	0.12300	0.12300	0.00000	0.00000	0	0.00000	0.00000	0	0.00000	0.00000	0
9	60	1	0.67013	0.67013	0.67013	0.0	0.0	0	0.00000	0.00000	0	0.00000	0.00000	0	0.00878	0.00878	0.00878	0.00227	0.00227	0.00227	838.3	838.3	838.3	0.12300	0.12300	0.12300	12.0	12.0	12	0.00000	0.00000	0	0.00000	0.00000	0	0.12300	0.12300	0.12300	0.00000	0.00000	0	0.00000	0.00000	0	0.00000	0.00000	0
10	61	1	0.67672	0.67672	0.67672	0.0	0.0	0	0.00000	0.00000	0	0.00000	0.00000	0	0.00893	0.00893	0.00893	0.00233	0.00233	0.00233	838.3	838.3	838.3	0.12300	0.12300	0.12300	6.7	6.7	6.7	0.00000	0.00000	0	0.00000	0.00000	0	0.12300	0.12300	0.12300	0.00000	0.00000	0	0.00000	0.00000	0	0.00000	0.00000	0
