 RUN:  data/cwarner/auto2012b          
 
			Max	Min	Mean	Max	Min	Mean	Max	Min	Mean	Max	Min	Mean	Max	Min	Mean	Max	Min	Mean	Max	Min	Mean	Max	Min	Mean	Max	Min	Mean	Max	Min	Mean	Max	Min	Mean	Max	Min	Mean	Max	Min	Mean	Max	Min	Mean	Max	Min	Mean	Max	Min	Mean
DOY	Day	Ndays	d_TW	d_TW	d_TW	d_RW	d_RW	d_RW	TW	TW	TW	RW	RW	RW	P_TOP	P_TOP	P_TOP	P_ROOT	P_ROOT	P_ROOT	Tact	Tact	Tact	Ract	Ract	Ract	Topt	Topt	Topt	Ropt	Ropt	Ropt	PDemand	PDemand	PDemand	PUptake	PUptake	PUptake	PSupply	PSupply	PSupply	PSUF	PSUF	PSUF	WSUF	WSUF	WSUF	PupCum	PupCum	PupCum
289	1	1	0.00112	0.00112	0.00112	0.01933	0.01933	0.01933	1.6	1.6	1.6	1.1	1.1	1.1	0.00240	0.00240	0.00240	0.00141	0.00141	0.00141	0.15	0.15	0.15	0.13	0.13	0.13	0.15	0.15	0.15	0.13	0.13	0.13	0.00007	0.00007	7.E-5	0.00007	0.00007	7.E-5	0.05428	0.05428	0.05428	1.000	1.000	1	1.000	1.000	1	0.000	0.000	0
316	2	1	0.00112	0.00112	0.00112	0.01873	0.01873	0.01873	1.6	1.6	1.6	1.1	1.1	1.1	0.00241	0.00241	0.00241	0.00144	0.00144	0.00144	0.15	0.15	0.15	0.13	0.13	0.13	0.15	0.15	0.15	0.13	0.13	0.13	0.00003	0.00003	3.E-5	0.00003	0.00003	3.E-5	0.05441	0.05441	0.05441	1.000	1.000	1	1.000	1.000	1	0.000	0.000	0
317	3	1	0.00112	0.00112	0.00112	0.04666	0.04666	0.04666	1.6	1.6	1.6	1.1	1.1	1.1	0.00242	0.00242	0.00242	0.00151	0.00151	0.00151	0.15	0.15	0.15	0.13	0.13	0.13	0.15	0.15	0.15	0.13	0.13	0.13	0.00008	0.00008	8.E-5	0.00008	0.00008	8.E-5	0.05530	0.05530	0.05530	1.000	1.000	1	1.000	1.000	1	0.000	0.000	0
318	4	1	0.00112	0.00112	0.00112	0.04898	0.04898	0.04898	1.6	1.6	1.6	1.2	1.2	1.2	0.00244	0.00244	0.00244	0.00159	0.00159	0.00159	0.15	0.15	0.15	0.13	0.13	0.13	0.15	0.15	0.15	0.13	0.13	0.13	0.00009	0.00009	9.E-5	0.00009	0.00009	9.E-5	0.05751	0.05751	0.05751	1.000	1.000	1	1.000	1.000	1	0.000	0.000	0
319	5	1	0.00112	0.00112	0.00112	0.04593	0.04593	0.04593	1.6	1.6	1.6	1.2	1.2	1.2	0.00247	0.00247	0.00247	0.00167	0.00167	0.00167	0.16	0.16	0.16	0.14	0.14	0.14	0.16	0.16	0.16	0.14	0.14	0.14	0.00010	0.00010	0.00010	0.00010	0.00010	0.00010	0.05984	0.05984	0.05984	1.000	1.000	1	1.000	1.000	1	0.000	0.000	0
320	6	1	0.00112	0.00112	0.00112	0.04478	0.04478	0.04478	1.6	1.6	1.6	1.3	1.3	1.3	0.00250	0.00250	0.00250	0.00175	0.00175	0.00175	0.16	0.16	0.16	0.14	0.14	0.14	0.16	0.16	0.16	0.14	0.14	0.14	0.00011	0.00011	0.00011	0.00011	0.00011	0.00011	0.06205	0.06205	0.06205	1.000	1.000	1	1.000	1.000	1	0.001	0.001	0.001
321	7	1	0.00112	0.00112	0.00112	0.03912	0.03912	0.03912	1.6	1.6	1.6	1.3	1.3	1.3	0.00252	0.00252	0.00252	0.00183	0.00183	0.00183	0.16	0.16	0.16	0.14	0.14	0.14	0.16	0.16	0.16	0.14	0.14	0.14	0.00009	0.00009	9.E-5	0.00009	0.00009	9.E-5	0.06426	0.06426	0.06426	1.000	1.000	1	1.000	1.000	1	0.001	0.001	0.001
322	8	1	0.00112	0.00112	0.00112	0.03190	0.03190	0.03190	1.6	1.6	1.6	1.4	1.4	1.4	0.00254	0.00254	0.00254	0.00189	0.00189	0.00189	0.16	0.16	0.16	0.14	0.14	0.14	0.16	0.16	0.16	0.14	0.14	0.14	0.00007	0.00007	7.E-5	0.00007	0.00007	7.E-5	0.06409	0.06409	0.06409	1.000	1.000	1	1.000	1.000	1	0.001	0.001	0.001
323	9	1	0.00112	0.00112	0.00112	0.04352	0.04352	0.04352	1.6	1.6	1.6	1.4	1.4	1.4	0.00256	0.00256	0.00256	0.00196	0.00196	0.00196	0.16	0.16	0.16	0.14	0.14	0.14	0.16	0.16	0.16	0.14	0.14	0.14	0.00010	0.00010	0.00010	0.00010	0.00010	0.00010	0.06561	0.06561	0.06561	1.000	1.000	1	1.000	1.000	1	0.001	0.001	0.001
324	10	1	0.00112	0.00112	0.00112	0.01728	0.01728	0.01728	1.6	1.6	1.6	1.4	1.4	1.4	0.00259	0.00259	0.00259	0.00201	0.00201	0.00201	0.16	0.16	0.16	0.14	0.14	0.14	0.16	0.16	0.16	0.14	0.14	0.14	0.00007	0.00007	7.E-5	0.00007	0.00007	7.E-5	0.06767	0.06767	0.06767	1.000	1.000	1	1.000	1.000	1	0.001	0.001	0.001
325	11	1	0.00564	0.00564	0.00564	0.04404	0.04404	0.04404	1.6	1.6	1.6	1.5	1.5	1.5	0.00262	0.00262	0.00262	0.00209	0.00209	0.00209	0.16	0.16	0.16	0.14	0.14	0.14	0.16	0.16	0.16	0.14	0.14	0.14	0.00011	0.00011	0.00011	0.00011	0.00011	0.00011	0.06866	0.06866	0.06866	1.000	1.000	1	1.000	1.000	1	0.001	0.001	0.001
326	12	1	0.00774	0.00774	0.00774	0.04281	0.04281	0.04281	1.6	1.6	1.6	1.5	1.5	1.5	0.00266	0.00266	0.00266	0.00218	0.00218	0.00218	0.17	0.17	0.17	0.15	0.15	0.15	0.17	0.17	0.17	0.15	0.15	0.15	0.00012	0.00012	0.00012	0.00012	0.00012	0.00012	0.07084	0.07084	0.07084	1.000	1.000	1	1.000	1.000	1	0.001	0.001	0.001
327	13	1	0.00985	0.00985	0.00985	0.03389	0.03389	0.03389	1.6	1.6	1.6	1.5	1.5	1.5	0.00270	0.00270	0.00270	0.00225	0.00225	0.00225	0.17	0.17	0.17	0.15	0.15	0.15	0.17	0.17	0.17	0.15	0.15	0.15	0.00011	0.00011	0.00011	0.00011	0.00011	0.00011	0.07300	0.07300	0.07300	1.000	1.000	1	1.000	1.000	1	0.001	0.001	0.001
328	14	1	0.00951	0.00951	0.00951	0.02647	0.02647	0.02647	1.6	1.6	1.6	1.6	1.6	1.6	0.00273	0.00273	0.00273	0.00231	0.00231	0.00231	0.17	0.17	0.17	0.15	0.15	0.15	0.17	0.17	0.17	0.15	0.15	0.15	0.00009	0.00009	9.E-5	0.00009	0.00009	9.E-5	0.07283	0.07283	0.07283	1.000	1.000	1	1.000	1.000	1	0.001	0.001	0.001
329	15	1	0.01069	0.01069	0.01069	0.04265	0.04265	0.04265	1.6	1.6	1.6	1.6	1.6	1.6	0.00277	0.00277	0.00277	0.00239	0.00239	0.00239	0.17	0.17	0.17	0.15	0.15	0.15	0.17	0.17	0.17	0.15	0.15	0.15	0.00011	0.00011	0.00011	0.00011	0.00011	0.00011	0.07420	0.07420	0.07420	1.000	1.000	1	1.000	1.000	1	0.001	0.001	0.001
330	16	1	0.01336	0.01336	0.01336	0.04039	0.04039	0.04039	1.7	1.7	1.7	1.6	1.6	1.6	0.00281	0.00281	0.00281	0.00247	0.00247	0.00247	0.17	0.17	0.17	0.15	0.15	0.15	0.17	0.17	0.17	0.15	0.15	0.15	0.00012	0.00012	0.00012	0.00012	0.00012	0.00012	0.07632	0.07632	0.07632	1.000	1.000	1	1.000	1.000	1	0.002	0.002	0.002
331	17	1	0.01713	0.01713	0.01713	0.03961	0.03961	0.03961	1.7	1.7	1.7	1.7	1.7	1.7	0.00287	0.00287	0.00287	0.00255	0.00255	0.00255	0.17	0.17	0.17	0.15	0.15	0.15	0.17	0.17	0.17	0.15	0.15	0.15	0.00013	0.00013	0.00013	0.00013	0.00013	0.00013	0.07841	0.07841	0.07841	1.000	1.000	1	1.000	1.000	1	0.002	0.002	0.002
332	18	1	0.01817	0.01817	0.01817	0.03972	0.03972	0.03972	1.7	1.7	1.7	1.7	1.7	1.7	0.00292	0.00292	0.00292	0.00264	0.00264	0.00264	0.17	0.17	0.17	0.15	0.15	0.15	0.17	0.17	0.17	0.15	0.15	0.15	0.00013	0.00013	0.00013	0.00013	0.00013	0.00013	0.08053	0.08053	0.08053	1.000	1.000	1	1.000	1.000	1	0.002	0.002	0.002
333	19	1	0.01265	0.01265	0.01265	0.00355	0.00355	0.00355	1.7	1.7	1.7	1.7	1.7	1.7	0.00296	0.00296	0.00296	0.00266	0.00266	0.00266	0.17	0.17	0.17	0.15	0.15	0.15	0.17	0.17	0.17	0.15	0.15	0.15	0.00005	0.00005	5.E-5	0.00005	0.00005	5.E-5	0.08199	0.08199	0.08199	1.000	1.000	1	1.000	1.000	1	0.002	0.002	0.002
334	20	1	0.00329	0.00329	0.00329	0.00036	0.00036	0.00036	1.7	1.7	1.7	1.7	1.7	1.7	0.00297	0.00297	0.00297	0.00266	0.00266	0.00266	0.17	0.17	0.17	0.15	0.15	0.15	0.17	0.17	0.17	0.15	0.15	0.15	0.00001	0.00001	1.E-5	0.00001	0.00001	1.E-5	0.08247	0.08247	0.08247	1.000	1.000	1	1.000	1.000	1	0.002	0.002	0.002
335	21	1	0.00617	0.00617	0.00617	0.00890	0.00890	0.00890	1.7	1.7	1.7	1.7	1.7	1.7	0.00298	0.00298	0.00298	0.00268	0.00268	0.00268	0.17	0.17	0.17	0.15	0.15	0.15	0.17	0.17	0.17	0.15	0.15	0.15	0.00003	0.00003	3.E-5	0.00003	0.00003	3.E-5	0.08282	0.08282	0.08282	1.000	1.000	1	1.000	1.000	1	0.002	0.002	0.002
336	22	1	0.01245	0.01245	0.01245	0.02775	0.02775	0.02775	1.7	1.7	1.7	1.8	1.8	1.8	0.00302	0.00302	0.00302	0.00274	0.00274	0.00274	0.18	0.18	0.18	0.16	0.16	0.16	0.18	0.18	0.18	0.16	0.16	0.16	0.00009	0.00009	9.E-5	0.00009	0.00009	9.E-5	0.08356	0.08356	0.08356	1.000	1.000	1	1.000	1.000	1	0.002	0.002	0.002
337	23	1	0.01596	0.01596	0.01596	0.03587	0.03587	0.03587	1.7	1.7	1.7	1.8	1.8	1.8	0.00306	0.00306	0.00306	0.00281	0.00281	0.00281	0.18	0.18	0.18	0.16	0.16	0.16	0.18	0.18	0.18	0.16	0.16	0.16	0.00011	0.00011	0.00011	0.00011	0.00011	0.00011	0.08516	0.08516	0.08516	1.000	1.000	1	1.000	1.000	1	0.002	0.002	0.002
338	24	1	0.02777	0.02777	0.02777	0.03625	0.03625	0.03625	1.8	1.8	1.8	1.8	1.8	1.8	0.00314	0.00314	0.00314	0.00289	0.00289	0.00289	0.18	0.18	0.18	0.16	0.16	0.16	0.18	0.18	0.18	0.16	0.16	0.16	0.00015	0.00015	0.00015	0.00015	0.00015	0.00015	0.08717	0.08717	0.08717	1.000	1.000	1	1.000	1.000	1	0.002	0.002	0.002
339	25	1	0.02353	0.02353	0.02353	0.02417	0.02417	0.02417	1.8	1.8	1.8	1.9	1.9	1.9	0.00320	0.00320	0.00320	0.00295	0.00295	0.00295	0.18	0.18	0.18	0.16	0.16	0.16	0.18	0.18	0.18	0.16	0.16	0.16	0.00012	0.00012	0.00012	0.00012	0.00012	0.00012	0.08929	0.08929	0.08929	1.000	1.000	1	1.000	1.000	1	0.002	0.002	0.002
340	26	1	0.03428	0.03428	0.03428	0.03461	0.03461	0.03461	1.8	1.8	1.8	1.9	1.9	1.9	0.00329	0.00329	0.00329	0.00304	0.00304	0.00304	0.18	0.18	0.18	0.16	0.16	0.16	0.18	0.18	0.18	0.16	0.16	0.16	0.00017	0.00017	0.00017	0.00017	0.00017	0.00017	0.09095	0.09095	0.09095	1.000	1.000	1	1.000	1.000	1	0.003	0.003	0.003
341	27	1	0.01992	0.01992	0.01992	0.03351	0.03351	0.03351	1.8	1.8	1.8	1.9	1.9	1.9	0.00334	0.00334	0.00334	0.00311	0.00311	0.00311	0.18	0.18	0.18	0.16	0.16	0.16	0.18	0.18	0.18	0.16	0.16	0.16	0.00012	0.00012	0.00012	0.00012	0.00012	0.00012	0.09319	0.09319	0.09319	1.000	1.000	1	1.000	1.000	1	0.003	0.003	0.003
342	28	1	0.00000	0.00000	0	0.00000	0.00000	0	1.8	1.8	1.8	1.9	1.9	1.9	0.00334	0.00334	0.00334	0.00311	0.00311	0.00311	0.18	0.18	0.18	0.16	0.16	0.16	0.18	0.18	0.18	0.16	0.16	0.16	0.00001	0.00001	1.E-5	0.00001	0.00001	1.E-5	0.09458	0.09458	0.09458	1.000	1.000	1	1.000	1.000	1	0.003	0.003	0.003
343	29	1	0.03081	0.03081	0.03081	0.03556	0.03556	0.03556	1.9	1.9	1.9	2.0	2.0	2	0.00342	0.00342	0.00342	0.00319	0.00319	0.00319	0.18	0.18	0.18	0.16	0.16	0.16	0.18	0.18	0.18	0.16	0.16	0.16	0.00015	0.00015	0.00015	0.00015	0.00015	0.00015	0.09510	0.09510	0.09510	1.000	1.000	1	1.000	1.000	1	0.003	0.003	0.003
344	30	1	0.03109	0.03109	0.03109	0.01365	0.01365	0.01365	1.9	1.9	1.9	2.0	2.0	2	0.00350	0.00350	0.00350	0.00324	0.00324	0.00324	0.18	0.18	0.18	0.16	0.16	0.16	0.18	0.18	0.18	0.16	0.16	0.16	0.00012	0.00012	0.00012	0.00012	0.00012	0.00012	0.09730	0.09730	0.09730	1.000	1.000	1	1.000	1.000	1	0.003	0.003	0.003
345	31	1	0.02361	0.02361	0.02361	0.00262	0.00262	0.00262	1.9	1.9	1.9	2.0	2.0	2	0.00357	0.00357	0.00357	0.00326	0.00326	0.00326	0.19	0.19	0.19	0.17	0.17	0.17	0.19	0.19	0.19	0.17	0.17	0.17	0.00009	0.00009	9.E-5	0.00009	0.00009	9.E-5	0.09845	0.09845	0.09845	1.000	1.000	1	1.000	1.000	1	0.003	0.003	0.003
346	32	1	0.03203	0.03203	0.03203	0.00355	0.00355	0.00355	2.0	2.0	2	2.0	2.0	2	0.00365	0.00365	0.00365	0.00329	0.00329	0.00329	0.19	0.19	0.19	0.17	0.17	0.17	0.19	0.19	0.19	0.17	0.17	0.17	0.00011	0.00011	0.00011	0.00011	0.00011	0.00011	0.09923	0.09923	0.09923	1.000	1.000	1	1.000	1.000	1	0.003	0.003	0.003
347	33	1	0.01488	0.01488	0.01488	0.00165	0.00165	0.00165	2.0	2.0	2	2.0	2.0	2	0.00370	0.00370	0.00370	0.00332	0.00332	0.00332	0.19	0.19	0.19	0.17	0.17	0.17	0.19	0.19	0.19	0.17	0.17	0.17	0.00008	0.00008	8.E-5	0.00008	0.00008	8.E-5	0.09729	0.09729	0.09729	1.000	1.000	1	1.000	1.000	1	0.003	0.003	0.003
348	34	1	0.03510	0.03510	0.03510	0.01804	0.01804	0.01804	2.0	2.0	2	2.0	2.0	2	0.00379	0.00379	0.00379	0.00337	0.00337	0.00337	0.19	0.19	0.19	0.17	0.17	0.17	0.19	0.19	0.19	0.17	0.17	0.17	0.00013	0.00013	0.00013	0.00013	0.00013	0.00013	0.09813	0.09813	0.09813	1.000	1.000	1	1.000	1.000	1	0.003	0.003	0.003
349	35	1	0.03718	0.03718	0.03718	0.03789	0.03789	0.03789	2.0	2.0	2	2.0	2.0	2	0.00388	0.00388	0.00388	0.00346	0.00346	0.00346	0.19	0.19	0.19	0.17	0.17	0.17	0.19	0.19	0.19	0.17	0.17	0.17	0.00017	0.00017	0.00017	0.00017	0.00017	0.00017	0.09973	0.09973	0.09973	1.000	1.000	1	1.000	1.000	1	0.004	0.004	0.004
350	36	1	0.04104	0.04104	0.04104	0.03482	0.03482	0.03482	2.1	2.1	2.1	2.1	2.1	2.1	0.00398	0.00398	0.00398	0.00354	0.00354	0.00354	0.19	0.19	0.19	0.17	0.17	0.17	0.19	0.19	0.19	0.17	0.17	0.17	0.00018	0.00018	0.00018	0.00018	0.00018	0.00018	0.10225	0.10225	0.10225	1.000	1.000	1	1.000	1.000	1	0.004	0.004	0.004
351	37	1	0.04403	0.04403	0.04403	0.02756	0.02756	0.02756	2.1	2.1	2.1	2.1	2.1	2.1	0.00409	0.00409	0.00409	0.00361	0.00361	0.00361	0.19	0.19	0.19	0.17	0.17	0.17	0.19	0.19	0.19	0.17	0.17	0.17	0.00018	0.00018	0.00018	0.00018	0.00018	0.00018	0.10467	0.10467	0.10467	1.000	1.000	1	1.000	1.000	1	0.004	0.004	0.004
352	38	1	0.02422	0.02422	0.02422	0.00710	0.00710	0.00710	2.2	2.2	2.2	2.1	2.1	2.1	0.00415	0.00415	0.00415	0.00364	0.00364	0.00364	0.19	0.19	0.19	0.17	0.17	0.17	0.19	0.19	0.19	0.17	0.17	0.17	0.00008	0.00008	8.E-5	0.00008	0.00008	8.E-5	0.10678	0.10678	0.10678	1.000	1.000	1	1.000	1.000	1	0.004	0.004	0.004
353	39	1	0.02710	0.02710	0.02710	0.03088	0.03088	0.03088	2.2	2.2	2.2	2.1	2.1	2.1	0.00422	0.00422	0.00422	0.00370	0.00370	0.00370	0.19	0.19	0.19	0.17	0.17	0.17	0.19	0.19	0.19	0.17	0.17	0.17	0.00013	0.00013	0.00013	0.00013	0.00013	0.00013	0.10784	0.10784	0.10784	1.000	1.000	1	1.000	1.000	1	0.004	0.004	0.004
354	40	1	0.04409	0.04409	0.04409	0.03851	0.03851	0.03851	2.2	2.2	2.2	2.2	2.2	2.2	0.00433	0.00433	0.00433	0.00379	0.00379	0.00379	0.19	0.19	0.19	0.17	0.17	0.17	0.19	0.19	0.19	0.17	0.17	0.17	0.00019	0.00019	0.00019	0.00019	0.00019	0.00019	0.11009	0.11009	0.11009	1.000	1.000	1	1.000	1.000	1	0.004	0.004	0.004
355	41	1	0.06808	0.06808	0.06808	0.03007	0.03007	0.03007	2.3	2.3	2.3	2.2	2.2	2.2	0.00449	0.00449	0.00449	0.00388	0.00388	0.00388	0.20	0.20	0.2	0.18	0.18	0.18	0.20	0.20	0.2	0.18	0.18	0.18	0.00025	0.00025	0.00025	0.00025	0.00025	0.00025	0.11284	0.11284	0.11284	1.000	1.000	1	1.000	1.000	1	0.005	0.005	0.005
356	42	1	0.06451	0.06451	0.06451	0.01185	0.01185	0.01185	2.4	2.4	2.4	2.2	2.2	2.2	0.00465	0.00465	0.00465	0.00393	0.00393	0.00393	0.20	0.20	0.2	0.18	0.18	0.18	0.20	0.20	0.2	0.18	0.18	0.18	0.00021	0.00021	0.00021	0.00021	0.00021	0.00021	0.11535	0.11535	0.11535	1.000	1.000	1	1.000	1.000	1	0.005	0.005	0.005
357	43	1	0.08793	0.08793	0.08793	0.02520	0.02520	0.02520	2.4	2.4	2.4	2.2	2.2	2.2	0.00487	0.00487	0.00487	0.00402	0.00402	0.00402	0.20	0.20	0.2	0.18	0.18	0.18	0.20	0.20	0.2	0.18	0.18	0.18	0.00030	0.00030	0.00030	0.00030	0.00030	0.00030	0.11719	0.11719	0.11719	1.000	1.000	1	1.000	1.000	1	0.005	0.005	0.005
358	44	1	0.08419	0.08419	0.08419	0.01383	0.01383	0.01383	2.5	2.5	2.5	2.3	2.3	2.3	0.00508	0.00508	0.00508	0.00408	0.00408	0.00408	0.20	0.20	0.2	0.18	0.18	0.18	0.20	0.20	0.2	0.18	0.18	0.18	0.00026	0.00026	0.00026	0.00026	0.00026	0.00026	0.11973	0.11973	0.11973	1.000	1.000	1	1.000	1.000	1	0.005	0.005	0.005
359	45	1	0.08197	0.08197	0.08197	0.03068	0.03068	0.03068	2.6	2.6	2.6	2.3	2.3	2.3	0.00528	0.00528	0.00528	0.00417	0.00417	0.00417	0.20	0.20	0.2	0.18	0.18	0.18	0.20	0.20	0.2	0.18	0.18	0.18	0.00029	0.00029	0.00029	0.00029	0.00029	0.00029	0.12160	0.12160	0.12160	1.000	1.000	1	1.000	1.000	1	0.006	0.006	0.006
360	46	1	0.08104	0.08104	0.08104	0.01819	0.01819	0.01819	2.7	2.7	2.7	2.3	2.3	2.3	0.00548	0.00548	0.00548	0.00423	0.00423	0.00423	0.20	0.20	0.2	0.18	0.18	0.18	0.20	0.20	0.2	0.18	0.18	0.18	0.00026	0.00026	0.00026	0.00026	0.00026	0.00026	0.12432	0.12432	0.12432	1.000	1.000	1	1.000	1.000	1	0.006	0.006	0.006
361	47	1	0.06711	0.06711	0.06711	0.02738	0.02738	0.02738	2.8	2.8	2.8	2.3	2.3	2.3	0.00565	0.00565	0.00565	0.00431	0.00431	0.00431	0.20	0.20	0.2	0.18	0.18	0.18	0.20	0.20	0.2	0.18	0.18	0.18	0.00024	0.00024	0.00024	0.00024	0.00024	0.00024	0.12631	0.12631	0.12631	1.000	1.000	1	1.000	1.000	1	0.006	0.006	0.006
362	48	1	0.01143	0.01143	0.01143	0.00127	0.00127	0.00127	2.8	2.8	2.8	2.3	2.3	2.3	0.00568	0.00568	0.00568	0.00432	0.00432	0.00432	0.21	0.21	0.21	0.19	0.19	0.19	0.21	0.21	0.21	0.19	0.19	0.19	0.00004	0.00004	4.E-5	0.00004	0.00004	4.E-5	0.12689	0.12689	0.12689	1.000	1.000	1	1.000	1.000	1	0.006	0.006	0.006
363	49	1	0.04062	0.04062	0.04062	0.01517	0.01517	0.01517	2.8	2.8	2.8	2.4	2.4	2.4	0.00579	0.00579	0.00579	0.00436	0.00436	0.00436	0.21	0.21	0.21	0.19	0.19	0.19	0.21	0.21	0.21	0.19	0.19	0.19	0.00014	0.00014	0.00014	0.00014	0.00014	0.00014	0.12794	0.12794	0.12794	1.000	1.000	1	1.000	1.000	1	0.006	0.006	0.006
364	50	1	0.04396	0.04396	0.04396	0.02629	0.02629	0.02629	2.9	2.9	2.9	2.4	2.4	2.4	0.00590	0.00590	0.0059	0.00443	0.00443	0.00443	0.21	0.21	0.21	0.19	0.19	0.19	0.21	0.21	0.21	0.19	0.19	0.19	0.00017	0.00017	0.00017	0.00017	0.00017	0.00017	0.12965	0.12965	0.12965	1.000	1.000	1	1.000	1.000	1	0.007	0.007	0.007
365	51	1	0.07634	0.07634	0.07634	0.01682	0.01682	0.01682	2.9	2.9	2.9	2.4	2.4	2.4	0.00609	0.00609	0.00609	0.00449	0.00449	0.00449	0.21	0.21	0.21	0.19	0.19	0.19	0.21	0.21	0.21	0.19	0.19	0.19	0.00025	0.00025	0.00025	0.00025	0.00025	0.00025	0.13197	0.13197	0.13197	1.000	1.000	1	1.000	1.000	1	0.007	0.007	0.007
1	52	1	0.07633	0.07633	0.07633	0.03945	0.03945	0.03945	3.0	3.0	3	2.4	2.4	2.4	0.00628	0.00628	0.00628	0.00459	0.00459	0.00459	0.21	0.21	0.21	0.19	0.19	0.19	0.21	0.21	0.21	0.19	0.19	0.19	0.00029	0.00029	0.00029	0.00029	0.00029	0.00029	0.13413	0.13413	0.13413	1.000	1.000	1	1.000	1.000	1	0.007	0.007	0.007
2	53	1	0.05478	0.05478	0.05478	0.01476	0.01476	0.01476	3.1	3.1	3.1	2.4	2.4	2.4	0.00642	0.00642	0.00642	0.00464	0.00464	0.00464	0.21	0.21	0.21	0.19	0.19	0.19	0.21	0.21	0.21	0.19	0.19	0.19	0.00018	0.00018	0.00018	0.00018	0.00018	0.00018	0.13730	0.13730	0.13730	1.000	1.000	1	1.000	1.000	1	0.007	0.007	0.007
3	54	1	0.00000	0.00000	0	0.00000	0.00000	0	3.1	3.1	3.1	2.4	2.4	2.4	0.00642	0.00642	0.00642	0.00464	0.00464	0.00464	0.21	0.21	0.21	0.19	0.19	0.19	0.21	0.21	0.21	0.19	0.19	0.19	0.00000	0.00000	1.E-6	0.00000	0.00000	1.E-6	0.13907	0.13907	0.13907	1.000	1.000	1	1.000	1.000	1	0.007	0.007	0.007
4	55	1	0.00000	0.00000	0	0.00000	0.00000	0	3.1	3.1	3.1	2.4	2.4	2.4	0.00642	0.00642	0.00642	0.00464	0.00464	0.00464	0.21	0.21	0.21	0.19	0.19	0.19	0.21	0.21	0.21	0.19	0.19	0.19	0.00000	0.00000	1.E-6	0.00000	0.00000	1.E-6	0.13999	0.13999	0.13999	1.000	1.000	1	1.000	1.000	1	0.007	0.007	0.007
5	56	1	0.00968	0.00968	0.00968	0.00107	0.00107	0.00107	3.1	3.1	3.1	2.5	2.5	2.5	0.00644	0.00644	0.00644	0.00464	0.00464	0.00464	0.21	0.21	0.21	0.19	0.19	0.19	0.21	0.21	0.21	0.19	0.19	0.19	0.00003	0.00003	3.E-5	0.00003	0.00003	3.E-5	0.14096	0.14096	0.14096	1.000	1.000	1	1.000	1.000	1	0.007	0.007	0.007
6	57	1	0.05488	0.05488	0.05488	0.03124	0.03124	0.03124	3.1	3.1	3.1	2.5	2.5	2.5	0.00658	0.00658	0.00658	0.00472	0.00472	0.00472	0.21	0.21	0.21	0.19	0.19	0.19	0.21	0.21	0.21	0.19	0.19	0.19	0.00021	0.00021	0.00021	0.00021	0.00021	0.00021	0.14217	0.14217	0.14217	1.000	1.000	1	1.000	1.000	1	0.008	0.008	0.008
7	58	1	0.06704	0.06704	0.06704	0.03994	0.03994	0.03994	3.2	3.2	3.2	2.5	2.5	2.5	0.00675	0.00675	0.00675	0.00482	0.00482	0.00482	0.21	0.21	0.21	0.19	0.19	0.19	0.21	0.21	0.21	0.19	0.19	0.19	0.00026	0.00026	0.00026	0.00026	0.00026	0.00026	0.14497	0.14497	0.14497	1.000	1.000	1	1.000	1.000	1	0.008	0.008	0.008
8	59	1	0.06221	0.06221	0.06221	0.04023	0.04023	0.04023	3.3	3.3	3.3	2.6	2.6	2.6	0.00691	0.00691	0.00691	0.00492	0.00492	0.00492	0.21	0.21	0.21	0.19	0.19	0.19	0.21	0.21	0.21	0.19	0.19	0.19	0.00025	0.00025	0.00025	0.00025	0.00025	0.00025	0.14833	0.14833	0.14833	1.000	1.000	1	1.000	1.000	1	0.008	0.008	0.008
9	60	1	0.07452	0.07452	0.07452	0.04606	0.04606	0.04606	3.3	3.3	3.3	2.6	2.6	2.6	0.00710	0.00710	0.00710	0.00503	0.00503	0.00503	0.21	0.21	0.21	0.19	0.19	0.19	0.21	0.21	0.21	0.19	0.19	0.19	0.00030	0.00030	0.00030	0.00030	0.00030	0.00030	0.15182	0.15182	0.15182	1.000	1.000	1	1.000	1.000	1	0.008	0.008	0.008
10	61	1	0.07645	0.07645	0.07645	0.04673	0.04673	0.04673	3.4	3.4	3.4	2.7	2.7	2.7	0.00730	0.00730	0.00730	0.00515	0.00515	0.00515	0.21	0.21	0.21	0.19	0.19	0.19	0.21	0.21	0.21	0.19	0.19	0.19	0.00031	0.00031	0.00031	0.00031	0.00031	0.00031	0.15565	0.15565	0.15565	1.000	1.000	1	1.000	1.000	1	0.009	0.009	0.009
