 RUN:  data/cwarner/auto2012b          
 
  YR DOY DAY     SubP  DrCm3  DrPconc   DrainP PRelease    PUptake     CumDr  CumDrP  ROcm3 RO_Pconc     Ro_P   CumRoP        THRU_P      IrP   CumIrP
1999 289   1 0.086141   65.5 0.000015 0.000983 0.000000 0.000077     65.5 0.000983   74.3 0.000013 0.000983 0.000983 0.000000 0.000000 0.000000
2011 316   2 0.086140    0.0 0.000000 0.000000 0.000032 0.000033     65.5 0.000983    0.0 0.000000 0.000000 0.000983 0.000000 0.000000 0.000000
2011 317   3 0.086116    0.0 0.000000 0.000000 0.000062 0.000086     65.5 0.000983    6.8 0.000000 0.000000 0.000983 0.000000 0.000000 0.000000
2011 318   4 0.086117    0.0 0.000000 0.000000 0.000097 0.000096     65.5 0.000983    7.4 0.000000 0.000000 0.000983 0.000000 0.000000 0.000000
2011 319   5 0.086161    0.0 0.000000 0.000000 0.000152 0.000108     65.5 0.000983    8.6 0.000000 0.000000 0.000983 0.000000 0.000000 0.000000
2011 320   6 0.086266    0.0 0.000000 0.000000 0.000221 0.000116     65.5 0.000983    7.2 0.000000 0.000000 0.000983 0.000000 0.000000 0.000000
2011 321   7 0.084138  271.4 0.000008 0.002210 0.000180 0.000098    336.8 0.003193  311.2 0.000007 0.002210 0.003193 0.000000 0.000000 0.000000
2011 322   8 0.084214    0.0 0.000000 0.000000 0.000152 0.000075    336.8 0.003193    0.0 0.000000 0.000000 0.003193 0.000000 0.000000 0.000000
2011 323   9 0.084301    0.0 0.000000 0.000000 0.000188 0.000101    336.8 0.003193    0.4 0.000000 0.000000 0.003193 0.000000 0.000000 0.000000
2011 324  10 0.084511    0.0 0.000000 0.000000 0.000280 0.000070    336.8 0.003193    9.4 0.000000 0.000000 0.003193 0.000000 0.000000 0.000000
2011 325  11 0.084693    0.0 0.000000 0.000000 0.000295 0.000114    336.8 0.003193    0.0 0.000000 0.000000 0.003193 0.000000 0.000000 0.000000
2011 326  12 0.084910    0.0 0.000000 0.000000 0.000337 0.000120    336.8 0.003193   11.8 0.000000 0.000000 0.003193 0.000000 0.000000 0.000000
2011 327  13 0.083346  161.9 0.000011 0.001786 0.000335 0.000113    498.7 0.004979  191.0 0.000009 0.001786 0.004979 0.000000 0.000000 0.000000
2011 328  14 0.083539    0.0 0.000000 0.000000 0.000286 0.000093    498.7 0.004979    0.0 0.000000 0.000000 0.004979 0.000000 0.000000 0.000000
2011 329  15 0.083754    0.0 0.000000 0.000000 0.000333 0.000119    498.7 0.004979    0.0 0.000000 0.000000 0.004979 0.000000 0.000000 0.000000
2011 330  16 0.084028    0.0 0.000000 0.000000 0.000399 0.000125    498.7 0.004979   10.3 0.000000 0.000000 0.004979 0.000000 0.000000 0.000000
2011 331  17 0.084352    0.0 0.000000 0.000000 0.000462 0.000137    498.7 0.004979    6.3 0.000000 0.000000 0.004979 0.000000 0.000000 0.000000
2011 332  18 0.084113   32.2 0.000016 0.000515 0.000412 0.000137    530.9 0.005493   46.1 0.000011 0.000515 0.005493 0.000000 0.000000 0.000000
2011 333  19 0.084380    0.0 0.000000 0.000000 0.000323 0.000056    530.9 0.005493    0.4 0.000000 0.000000 0.005493 0.000000 0.000000 0.000000
2011 334  20 0.084657    0.0 0.000000 0.000000 0.000294 0.000017    530.9 0.005493    0.0 0.000000 0.000000 0.005493 0.000000 0.000000 0.000000
2011 335  21 0.084944    0.0 0.000000 0.000000 0.000325 0.000037    530.9 0.005493    7.8 0.000000 0.000000 0.005493 0.000000 0.000000 0.000000
2011 336  22 0.085251    0.0 0.000000 0.000000 0.000397 0.000090    530.9 0.005493    0.0 0.000000 0.000000 0.005493 0.000000 0.000000 0.000000
2011 337  23 0.085595    0.0 0.000000 0.000000 0.000460 0.000115    530.9 0.005493   11.3 0.000000 0.000000 0.005493 0.000000 0.000000 0.000000
2011 338  24 0.085997    0.0 0.000000 0.000000 0.000560 0.000158    530.9 0.005493    6.4 0.000000 0.000000 0.005493 0.000000 0.000000 0.000000
2011 339  25 0.086460    0.0 0.000000 0.000000 0.000584 0.000121    530.9 0.005493    0.0 0.000000 0.000000 0.005493 0.000000 0.000000 0.000000
2011 340  26 0.086996    0.0 0.000000 0.000000 0.000709 0.000173    530.9 0.005493   10.1 0.000000 0.000000 0.005493 0.000000 0.000000 0.000000
2011 341  27 0.086913   31.2 0.000017 0.000516 0.000553 0.000120    562.0 0.006009   44.0 0.000012 0.000516 0.006009 0.000000 0.000000 0.000000
2011 342  28 0.087310    0.0 0.000000 0.000000 0.000408 0.000010    562.0 0.006009    0.0 0.000000 0.000000 0.006009 0.000000 0.000000 0.000000
2011 343  29 0.087765    0.0 0.000000 0.000000 0.000614 0.000159    562.0 0.006009    0.0 0.000000 0.000000 0.006009 0.000000 0.000000 0.000000
2011 344  30 0.088163    2.0 0.000018 0.000037 0.000557 0.000123    564.1 0.006046   13.6 0.000003 0.000037 0.006046 0.000000 0.000000 0.000000
2011 345  31 0.088662    0.0 0.000000 0.000000 0.000594 0.000095    564.1 0.006046    0.0 0.000000 0.000000 0.006046 0.000000 0.000000 0.000000
2011 346  32 0.087103  198.7 0.000010 0.002056 0.000609 0.000112    762.7 0.008101  223.9 0.000009 0.002056 0.008101 0.000000 0.000000 0.000000
2011 347  33 0.087667    0.0 0.000000 0.000000 0.000644 0.000080    762.7 0.008101    0.0 0.000000 0.000000 0.008101 0.000000 0.000000 0.000000
2011 348  34 0.088252    0.0 0.000000 0.000000 0.000724 0.000139    762.7 0.008101    0.0 0.000000 0.000000 0.008101 0.000000 0.000000 0.000000
2011 349  35 0.088844    0.0 0.000000 0.000000 0.000770 0.000178    762.7 0.008101    0.0 0.000000 0.000000 0.008101 0.000000 0.000000 0.000000
2011 350  36 0.089455    0.0 0.000000 0.000000 0.000795 0.000184    762.7 0.008101   11.4 0.000000 0.000000 0.008101 0.000000 0.000000 0.000000
2011 351  37 0.090069    0.0 0.000000 0.000000 0.000794 0.000180    762.7 0.008101    0.0 0.000000 0.000000 0.008101 0.000000 0.000000 0.000000
2011 352  38 0.090594    0.0 0.000000 0.000000 0.000609 0.000084    762.7 0.008101    9.7 0.000000 0.000000 0.008101 0.000000 0.000000 0.000000
2011 353  39 0.091186    0.0 0.000000 0.000000 0.000726 0.000134    762.7 0.008101    0.0 0.000000 0.000000 0.008101 0.000000 0.000000 0.000000
2011 354  40 0.091864    0.0 0.000000 0.000000 0.000876 0.000198    762.7 0.008101   10.1 0.000000 0.000000 0.008101 0.000000 0.000000 0.000000
2011 355  41 0.092646    0.0 0.000000 0.000000 0.001035 0.000254    762.7 0.008101    6.5 0.000000 0.000000 0.008101 0.000000 0.000000 0.000000
2011 356  42 0.093538    0.0 0.000000 0.000000 0.001103 0.000210    762.7 0.008101    0.0 0.000000 0.000000 0.008101 0.000000 0.000000 0.000000
2011 357  43 0.094480    2.0 0.000019 0.000039 0.001282 0.000302    764.8 0.008140   12.2 0.000003 0.000039 0.008140 0.000000 0.000000 0.000000
2011 358  44 0.095323    0.0 0.000000 0.000000 0.001113 0.000269    764.8 0.008140    0.0 0.000000 0.000000 0.008140 0.000000 0.000000 0.000000
2011 359  45 0.096182    0.0 0.000000 0.000000 0.001151 0.000292    764.8 0.008140    9.5 0.000000 0.000000 0.008140 0.000000 0.000000 0.000000
2011 360  46 0.096954    0.0 0.000000 0.000000 0.001038 0.000267    764.8 0.008140    0.0 0.000000 0.000000 0.008140 0.000000 0.000000 0.000000
2011 361  47 0.096437   73.5 0.000016 0.001198 0.000925 0.000243    838.3 0.009339   94.0 0.000013 0.001198 0.009339 0.000000 0.000000 0.000000
2011 362  48 0.097115    0.0 0.000000 0.000000 0.000725 0.000047    838.3 0.009339    0.0 0.000000 0.000000 0.009339 0.000000 0.000000 0.000000
2011 363  49 0.097779    0.0 0.000000 0.000000 0.000809 0.000145    838.3 0.009339    0.0 0.000000 0.000000 0.009339 0.000000 0.000000 0.000000
2011 364  50 0.098489    0.0 0.000000 0.000000 0.000885 0.000175    838.3 0.009339    8.1 0.000000 0.000000 0.009339 0.000000 0.000000 0.000000
2011 365  51 0.099398    0.0 0.000000 0.000000 0.001160 0.000251    838.3 0.009339    0.0 0.000000 0.000000 0.009339 0.000000 0.000000 0.000000
2012   1  52 0.100223    0.0 0.000000 0.000000 0.001118 0.000293    838.3 0.009339   10.1 0.000000 0.000000 0.009339 0.000000 0.000000 0.000000
2012   2  53 0.100924    0.0 0.000000 0.000000 0.000886 0.000185    838.3 0.009339    2.3 0.000000 0.000000 0.009339 0.000000 0.000000 0.000000
2012   3  54 0.101548    0.0 0.000000 0.000000 0.000625 0.000001    838.3 0.009339    7.6 0.000000 0.000000 0.009339 0.000000 0.000000 0.000000
2012   4  55 0.102216    0.0 0.000000 0.000000 0.000669 0.000001    838.3 0.009339    0.0 0.000000 0.000000 0.009339 0.000000 0.000000 0.000000
2012   5  56 0.103014    0.0 0.000000 0.000000 0.000830 0.000032    838.3 0.009339    7.4 0.000000 0.000000 0.009339 0.000000 0.000000 0.000000
2012   6  57 0.103839    0.0 0.000000 0.000000 0.001042 0.000217    838.3 0.009339    0.0 0.000000 0.000000 0.009339 0.000000 0.000000 0.000000
2012   7  58 0.104731    0.0 0.000000 0.000000 0.001161 0.000269    838.3 0.009339   11.0 0.000000 0.000000 0.009339 0.000000 0.000000 0.000000
2012   8  59 0.105688    0.0 0.000000 0.000000 0.001213 0.000256    838.3 0.009339    0.0 0.000000 0.000000 0.009339 0.000000 0.000000 0.000000
2012   9  60 0.106661    0.0 0.000000 0.000000 0.001277 0.000304    838.3 0.009339   12.0 0.000000 0.000000 0.009339 0.000000 0.000000 0.000000
2012  10  61 0.107648    0.0 0.000000 0.000000 0.001298 0.000311    838.3 0.009339    6.7 0.000000 0.000000 0.009339 0.000000 0.000000 0.000000
