 RUN:  data/cwarner/auto2012b          
 
  YR DOY DAY   TMIN  TMAX TMAXB TBIAS  SRAD  FCDR   DRF    RDT    DT TEMF    RW    TW      LA  LAI
1999 289   1   21.1  24.2  24.2  22.7   4.6   0.2   0.0   1.0   1.0 1.00   1.1   1.6   150.1  0.7
2011 316   2   -3.0  22.9  23.3  10.2  14.9   0.8   0.8   0.1   1.1 0.36   1.1   1.6   150.2  0.7
2011 317   3    4.6  25.6  26.0  15.3  13.7   0.8   0.7   0.4   1.6 0.93   1.1   1.6   150.3  0.7
2011 318   4    7.6  28.4  28.8  18.2  14.2   0.9   0.8   0.6   2.1 1.00   1.2   1.6   150.4  0.7
2011 319   5   14.3  29.3  29.5  21.9  10.8   0.7   0.6   0.8   3.0 1.00   1.2   1.6   150.5  0.7
2011 320   6   19.7  29.8  30.0  24.9  10.8   0.7   0.6   1.0   4.0 1.00   1.3   1.6   150.6  0.7
2011 321   7   12.5  25.6  25.7  19.1   9.2   0.6   0.5   0.8   4.8 1.00   1.3   1.6   150.7  0.7
2011 322   8    6.6  20.4  20.6  13.6   9.7   0.6   0.5   0.5   5.3 0.77   1.4   1.6   150.8  0.7
2011 323   9   10.4  20.1  20.4  15.4  12.6   0.8   0.7   0.7   6.0 0.94   1.4   1.6   150.9  0.7
2011 324  10   12.6  28.6  28.6  20.6   4.1   0.3   0.0   0.8   6.7 1.00   1.4   1.6   151.0  0.7
2011 325  11   11.5  28.0  28.3  19.9  11.9   0.8   0.7   0.7   7.5 1.00   1.5   1.6   151.5  0.7
2011 326  12   12.9  28.0  28.4  20.6  13.1   0.9   0.8   0.8   8.3 1.00   1.5   1.6   152.2  0.7
2011 327  13   13.3  25.0  25.1  19.2   8.5   0.6   0.4   0.8   9.1 1.00   1.5   1.6   153.1  0.7
2011 328  14    9.3  20.7  20.8  15.0   7.4   0.5   0.3   0.6   9.7 0.91   1.6   1.6   153.9  0.7
2011 329  15    8.9  23.9  24.3  16.6  13.5   0.9   0.9   0.6  10.3 1.00   1.6   1.6   154.9  0.7
2011 330  16   10.4  26.7  26.9  18.7  10.1   0.7   0.6   0.7  11.0 1.00   1.6   1.7   156.1  0.7
2011 331  17   12.5  27.3  27.7  20.1  12.7   0.9   0.8   0.8  11.8 1.00   1.7   1.7   157.6  0.7
2011 332  18   11.2  22.8  23.1  17.1  11.7   0.8   0.7   0.7  12.5 1.00   1.7   1.7   159.2  0.7
2011 333  19    5.6  17.1  17.1  11.4   3.1   0.2   0.0   0.4  12.9 0.52   1.7   1.7   160.3  0.7
2011 334  20    1.3  14.5  14.8   8.0  11.8   0.8   0.7   0.2  13.1 0.03   1.7   1.7   160.6  0.7
2011 335  21   -1.2  19.3  19.6   9.2  13.0   0.8   0.8   0.2  13.3 0.22   1.7   1.7   161.2  0.7
2011 336  22    3.4  21.4  21.8  12.6  13.1   0.9   0.8   0.4  13.7 0.67   1.8   1.7   162.3  0.7
2011 337  23    5.4  23.5  23.9  14.6  12.8   0.9   0.8   0.5  14.2 0.87   1.8   1.7   163.7  0.7
2011 338  24   12.6  22.1  22.4  17.5  10.8   0.8   0.7   0.8  14.9 1.00   1.8   1.8   166.2  0.7
2011 339  25    8.3  26.6  26.7  17.5   6.7   0.5   0.3   0.6  15.5 1.00   1.9   1.8   168.3  0.8
2011 340  26   13.4  26.6  26.9  20.1  11.3   0.8   0.8   0.8  16.3 1.00   1.9   1.8   171.3  0.8
2011 341  27    4.3  25.7  25.9  15.1   9.1   0.6   0.5   0.4  16.8 0.91   1.9   1.8   173.1  0.8
2011 342  28   -0.2  15.7  15.8   7.8   6.9   0.5   0.3   0.1  16.9 0.00   1.9   1.8   173.1  0.8
2011 343  29    9.2  21.9  22.2  15.7  12.4   0.9   0.9   0.6  17.6 0.96   2.0   1.9   175.9  0.8
2011 344  30   11.0  15.3  15.4  13.2   6.4   0.5   0.3   0.6  18.2 0.73   2.0   1.9   178.6  0.8
2011 345  31   11.2  16.4  16.4  13.8   2.7   0.2   0.0   0.6  18.8 0.80   2.0   1.9   180.7  0.8
2011 346  32   11.9  15.4  15.4  13.7   3.7   0.3   0.0   0.6  19.4 0.78   2.0   2.0   183.6  0.8
2011 347  33    9.9  18.4  18.4  14.1   1.6   0.1   0.0   0.7  20.1 0.83   2.0   2.0   184.9  0.8
2011 348  34    7.6  24.0  24.0  15.8   5.8   0.4   0.2   0.6  20.7 0.97   2.0   2.0   188.0  0.8
2011 349  35    7.7  24.9  25.1  16.4  10.9   0.8   0.7   0.6  21.2 1.00   2.0   2.0   191.4  0.9
2011 350  36    8.4  24.4  24.6  16.5   9.1   0.7   0.6   0.6  21.8 1.00   2.1   2.1   195.0  0.9
2011 351  37    8.7  23.1  23.2  16.0   7.9   0.6   0.4   0.6  22.5 0.98   2.1   2.1   198.9  0.9
2011 352  38    1.7  18.3  18.4  10.0   7.8   0.5   0.4   0.3  22.8 0.34   2.1   2.2   201.1  0.9
2011 353  39    2.4  23.7  24.0  13.2  12.8   0.9   0.9   0.3  23.1 0.74   2.1   2.2   203.5  0.9
2011 354  40    7.3  25.1  25.4  16.3  11.8   0.9   0.8   0.6  23.7 1.00   2.2   2.2   207.4  0.9
2011 355  41   13.7  23.8  24.0  18.9  10.2   0.8   0.7   0.8  24.5 1.00   2.2   2.3   213.5  1.0
2011 356  42   11.6  27.4  27.4  19.5   5.5   0.4   0.2   0.7  25.2 1.00   2.2   2.4   219.2  1.0
2011 357  43   16.8  26.1  26.4  21.6  12.0   0.9   0.9   0.9  26.2 1.00   2.2   2.4   227.0  1.0
2011 358  44   14.5  23.2  23.3  18.9   6.6   0.5   0.3   0.9  27.0 1.00   2.3   2.5   234.5  1.1
2011 359  45   12.9  25.1  25.2  19.1   9.2   0.7   0.6   0.8  27.8 1.00   2.3   2.6   241.8  1.1
2011 360  46   11.8  21.9  22.0  16.9   6.9   0.5   0.4   0.7  28.6 1.00   2.3   2.7   249.0  1.1
2011 361  47    8.1  20.4  20.5  14.3   9.0   0.7   0.5   0.6  29.2 0.85   2.3   2.8   255.0  1.2
2011 362  48    0.4  16.9  16.9   8.7   6.1   0.4   0.2   0.2  29.4 0.13   2.3   2.8   256.0  1.2
2011 363  49    2.2  18.9  19.2  10.7  12.7   0.9   0.9   0.3  29.7 0.43   2.4   2.8   259.6  1.2
2011 364  50    2.7  21.4  21.6  12.2  12.3   0.9   0.8   0.4  30.1 0.62   2.4   2.9   263.5  1.2
2011 365  51    8.8  25.2  25.2  17.0   6.1   0.4   0.3   0.6  30.7 1.00   2.4   2.9   270.3  1.2
2012   1  52    8.3  23.5  23.7  16.0  11.2   0.8   0.7   0.6  31.3 0.98   2.4   3.0   277.1  1.2
2012   2  53    4.1  17.7  17.8  11.0   9.9   0.7   0.6   0.4  31.7 0.47   2.4   3.1   281.9  1.3
2012   3  54   -5.0   7.5   7.7   1.4  13.0   0.9   0.8   0.0  31.7 0.00   2.4   3.1   281.9  1.3
2012   4  55   -7.7  13.3  13.5   2.9  13.1   0.8   0.8   0.0  31.7 0.00   2.4   3.1   281.9  1.3
2012   5  56   -3.7  19.9  20.1   8.2  13.1   0.9   0.8   0.1  31.8 0.06   2.5   3.1   282.8  1.3
2012   6  57    3.7  21.8  22.0  12.8  11.7   0.8   0.7   0.4  32.2 0.70   2.5   3.1   287.7  1.3
2012   7  58    5.6  23.5  23.7  14.7  11.9   0.8   0.8   0.5  32.7 0.88   2.5   3.2   293.6  1.3
2012   8  59    4.5  25.7  25.8  15.2   9.3   0.6   0.5   0.4  33.1 0.92   2.6   3.3   299.1  1.3
2012   9  60    6.3  25.1  25.3  15.8  12.4   0.9   0.8   0.5  33.7 0.97   2.6   3.3   305.7  1.4
2012  10  61    6.3  25.1  25.3  15.8  12.4   0.9   0.8   0.5  34.2 0.97   2.7   3.4   312.5  1.4
