 RUN:  data/cwarner/auto2012           
 
  YR DOY DAY Tmean    VP  TFac     Rate     PRel          CumPRel     CRF_P  PDemand    FD  AvT  AvFD    PRel2   CRF_P2     AvT2   FD2    SUB_P  RD2
1999 289   1 22.65 2.751 1.103 0.000000 0.000000  0.000000  0.436000 0.000077 234.9 22.7 234.9 0.000000 0.000000  0.0   0.0 0.086141  -99
2011 316   2  9.95 1.241 0.784 0.000074 0.000032  0.000032  0.435968 0.000033 330.3 16.4 282.6 0.000000 0.000000  0.0   0.0 0.086140  -99
2011 317   3 15.10 1.737 0.889 0.000142 0.000062  0.000094  0.435906 0.000086 291.4 16.0 285.5 0.000000 0.000000  0.0   0.0 0.086116  -99
2011 318   4 18.00 2.091 0.963 0.000223 0.000097  0.000192  0.435808 0.000096 268.8 16.6 281.3 0.000000 0.000000  0.0   0.0 0.086117  -99
2011 319   5 21.80 2.630 1.077 0.000349 0.000152  0.000344  0.435656 0.000108 240.4 17.6 273.2 0.000000 0.000000  0.0   0.0 0.086161  -99
2011 320   6 24.75 3.144 1.186 0.000507 0.000221  0.000564  0.435436 0.000116 218.5 18.8 264.0 0.000000 0.000000  0.0   0.0 0.086266  -99
2011 321   7 19.05 2.215 0.990 0.000412 0.000180  0.000744  0.435256 0.000098 261.7 18.9 263.7 0.000000 0.000000  0.0   0.0 0.084138  -99
2011 322   8 13.50 1.556 0.851 0.000348 0.000152  0.000896  0.435104 0.000075 304.5 18.2 268.8 0.000000 0.000000  0.0   0.0 0.084214  -99
2011 323   9 15.25 1.752 0.892 0.000430 0.000188  0.001083  0.434917 0.000101 290.4 17.9 271.2 0.000000 0.000000  0.0   0.0 0.084266  -99
2011 324  10 20.60 2.428 1.034 0.000643 0.000280  0.001363  0.434636 0.000070 250.4 18.2 269.1 0.000000 0.000000  0.0   0.0 0.084476  -99
2011 325  11 19.75 2.324 1.013 0.000678 0.000295  0.001659  0.434341 0.000114 255.8 18.3 267.9 0.000000 0.000000  0.0   0.0 0.084658  -99
2011 326  12 20.45 2.433 1.036 0.000773 0.000337  0.001996  0.434004 0.000120 250.1 18.5 266.4 0.000000 0.000000  0.0   0.0 0.084875  -99
2011 327  13 19.15 2.228 0.992 0.000769 0.000335  0.002331  0.433669 0.000113 261.0 18.6 266.0 0.000000 0.000000  0.0   0.0 0.083312  -99
2011 328  14 15.00 1.710 0.883 0.000656 0.000286  0.002617  0.433383 0.000093 293.2 18.3 267.9 0.000000 0.000000  0.0   0.0 0.083505  -99
2011 329  15 16.40 1.890 0.921 0.000765 0.000333  0.002951  0.433049 0.000119 281.2 18.2 268.8 0.000000 0.000000  0.0   0.0 0.083720  -99
2011 330  16 18.55 2.151 0.976 0.000916 0.000399  0.003350  0.432650 0.000125 265.4 18.2 268.6 0.000000 0.000000  0.0   0.0 0.083994  -99
2011 331  17 19.90 2.351 1.018 0.001059 0.000462  0.003812  0.432188 0.000137 254.3 18.3 267.8 0.000000 0.000000  0.0   0.0 0.084318  -99
2011 332  18 17.00 1.957 0.935 0.000946 0.000412  0.004224  0.431776 0.000137 277.0 18.3 268.3 0.000000 0.000000  0.0   0.0 0.084078  -99
2011 333  19 11.35 1.344 0.806 0.000741 0.000323  0.004547  0.431453 0.000056 321.4 17.9 271.1 0.000000 0.000000  0.0   0.0 0.084311  -99
2011 334  20  7.90 1.076 0.749 0.000675 0.000294  0.004842  0.431158 0.000017 345.6 17.4 274.8 0.000000 0.000000  0.0   0.0 0.084588  -99
2011 335  21  9.05 1.166 0.768 0.000745 0.000325  0.005166  0.430834 0.000037 337.1 17.0 277.8 0.000000 0.000000  0.0   0.0 0.084875  -99
2011 336  22 12.40 1.458 0.830 0.000911 0.000397  0.005563  0.430437 0.000090 312.0 16.8 279.3 0.000000 0.000000  0.0   0.0 0.085182  -99
2011 337  23 14.45 1.666 0.874 0.001055 0.000460  0.006023  0.429977 0.000115 296.4 16.7 280.1 0.000000 0.000000  0.0   0.0 0.085526  -99
2011 338  24 17.35 1.998 0.944 0.001284 0.000560  0.006583  0.429417 0.000158 274.4 16.8 279.8 0.000000 0.000000  0.0   0.0 0.085928  -99
2011 339  25 17.45 1.998 0.944 0.001338 0.000584  0.007167  0.428833 0.000121 274.4 16.8 279.6 0.000000 0.000000  0.0   0.0 0.086391  -99
2011 340  26 20.00 2.360 1.020 0.001626 0.000709  0.007876  0.428124 0.000173 253.9 16.9 278.6 0.000000 0.000000  0.0   0.0 0.086927  -99
2011 341  27 15.00 1.714 0.884 0.001268 0.000553  0.008428  0.427572 0.000120 293.0 16.9 279.2 0.000000 0.000000  0.0   0.0 0.086844  -99
2011 342  28  7.75 1.057 0.745 0.000935 0.000408  0.008836  0.427164 0.000010 347.4 16.5 281.6 0.000000 0.000000  0.0   0.0 0.087241  -99
2011 343  29 15.55 1.787 0.899 0.001409 0.000614  0.009450  0.426550 0.000159 288.0 16.5 281.8 0.000000 0.000000  0.0   0.0 0.087696  -99
2011 344  30 13.15 1.516 0.842 0.001278 0.000557  0.010008  0.425992 0.000123 307.5 16.4 282.7 0.000000 0.000000  0.0   0.0 0.088095  -99
2011 345  31 13.80 1.578 0.855 0.001363 0.000594  0.010602  0.425398 0.000095 302.8 16.3 283.3 0.000000 0.000000  0.0   0.0 0.088593  -99
2011 346  32 13.65 1.563 0.852 0.001396 0.000609  0.011211  0.424789 0.000112 303.9 16.2 284.0 0.000000 0.000000  0.0   0.0 0.086915  -99
2011 347  33 14.15 1.615 0.863 0.001477 0.000644  0.011854  0.424145 0.000080 300.1 16.2 284.5 0.000000 0.000000  0.0   0.0 0.087479  -99
2011 348  34 15.80 1.798 0.902 0.001661 0.000724  0.012579  0.423421 0.000139 287.2 16.2 284.5 0.000000 0.000000  0.0   0.0 0.088064  -99
2011 349  35 16.30 1.868 0.917 0.001766 0.000770  0.013349  0.422651 0.000178 282.6 16.2 284.5 0.000000 0.000000  0.0   0.0 0.088657  -99
2011 350  36 16.40 1.875 0.918 0.001822 0.000795  0.014143  0.421857 0.000184 282.1 16.2 284.4 0.000000 0.000000  0.0   0.0 0.089267  -99
2011 351  37 15.90 1.813 0.905 0.001820 0.000794  0.014937  0.421063 0.000180 286.2 16.2 284.5 0.000000 0.000000  0.0   0.0 0.089881  -99
2011 352  38 10.00 1.232 0.782 0.001397 0.000609  0.015546  0.420454 0.000084 331.0 16.0 285.7 0.000000 0.000000  0.0   0.0 0.090406  -99
2011 353  39 13.05 1.520 0.843 0.001665 0.000726  0.016272  0.419728 0.000134 307.2 15.9 286.2 0.000000 0.000000  0.0   0.0 0.090998  -99
2011 354  40 16.20 1.859 0.915 0.002010 0.000876  0.017149  0.418851 0.000198 283.2 15.9 286.2 0.000000 0.000000  0.0   0.0 0.091676  -99
2011 355  41 18.75 2.178 0.982 0.002375 0.001035  0.018184  0.417816 0.000254 263.8 16.0 285.6 0.000000 0.000000  0.0   0.0 0.092458  -99
2011 356  42 19.50 2.270 1.001 0.002530 0.001103  0.019287  0.416713 0.000210 258.7 16.1 285.0 0.000000 0.000000  0.0   0.0 0.093350  -99
2011 357  43 21.45 2.582 1.067 0.002941 0.001282  0.020569  0.415431 0.000302 242.7 16.2 284.0 0.000000 0.000000  0.0   0.0 0.094292  -99
2011 358  44 18.85 2.182 0.983 0.002552 0.001113  0.021682  0.414318 0.000269 263.6 16.3 283.5 0.000000 0.000000  0.0   0.0 0.095136  -99
2011 359  45 19.00 2.208 0.988 0.002640 0.001151  0.022833  0.413167 0.000292 262.1 16.3 283.1 0.000000 0.000000  0.0   0.0 0.095994  -99
2011 360  46 16.85 1.924 0.928 0.002381 0.001038  0.023871  0.412129 0.000267 279.0 16.4 283.0 0.000000 0.000000  0.0   0.0 0.096766  -99
2011 361  47 14.25 1.632 0.867 0.002121 0.000925  0.024796  0.411204 0.000243 298.8 16.3 283.3 0.000000 0.000000  0.0   0.0 0.096251  -99
2011 362  48  8.65 1.123 0.759 0.001663 0.000725  0.025521  0.410479 0.000047 341.1 16.2 284.5 0.000000 0.000000  0.0   0.0 0.096929  -99
2011 363  49 10.55 1.286 0.794 0.001854 0.000809  0.026329  0.409671 0.000145 326.3 16.0 285.4 0.000000 0.000000  0.0   0.0 0.097593  -99
2011 364  50 12.05 1.419 0.822 0.002029 0.000885  0.027214  0.408786 0.000175 315.2 16.0 286.0 0.000000 0.000000  0.0   0.0 0.098303  -99
2011 365  51 17.00 1.941 0.932 0.002660 0.001160  0.028374  0.407626 0.000251 278.0 16.0 285.8 0.000000 0.000000  0.0   0.0 0.099212  -99
2012   1  52 15.90 1.819 0.906 0.002565 0.001118  0.029492  0.406508 0.000293 285.8 16.0 285.8 0.000000 0.000000  0.0   0.0 0.100037  -99
2012   2  53 10.90 1.310 0.799 0.002032 0.000886  0.030378  0.405622 0.000185 324.2 15.9 286.5 0.000000 0.000000  0.0   0.0 0.100515  -99
2012   3  54  1.25 0.675 0.665 0.001434 0.000625  0.031003  0.404997 0.000001 389.6 15.6 288.4 0.000000 0.000000  0.0   0.0 0.101139  -99
2012   4  55  2.80 0.754 0.681 0.001534 0.000669  0.031672  0.404328 0.000001 380.1 15.4 290.1 0.000000 0.000000  0.0   0.0 0.101807  -99
2012   5  56  8.10 1.090 0.752 0.001904 0.000830  0.032502  0.403498 0.000032 344.3 15.3 291.1 0.000000 0.000000  0.0   0.0 0.102605  -99
2012   6  57 12.75 1.484 0.835 0.002390 0.001042  0.033544  0.402456 0.000217 310.0 15.2 291.4 0.000000 0.000000  0.0   0.0 0.103430  -99
2012   7  58 14.55 1.668 0.874 0.002664 0.001161  0.034705  0.401295 0.000269 296.2 15.2 291.5 0.000000 0.000000  0.0   0.0 0.104322  -99
2012   8  59 15.10 1.723 0.886 0.002781 0.001213  0.035918  0.400082 0.000256 292.4 15.2 291.5 0.000000 0.000000  0.0   0.0 0.105279  -99
2012   9  60 15.70 1.797 0.901 0.002929 0.001277  0.037195  0.398805 0.000304 287.3 15.2 291.4 0.000000 0.000000  0.0   0.0 0.106252  -99
2012  10  61 15.20 1.729 0.887 0.002885 0.001258  0.038453  0.397547 0.000255 291.9 15.2 291.4 0.000000 0.000000  0.0   0.0 0.107255  -99
2012  11  62 18.00 2.066 0.958 0.003420 0.001491  0.039944  0.396056 0.000302 270.3 15.3 291.1 0.000000 0.000000  0.0   0.0 0.108334  -99
2012  12  63 14.65 1.671 0.875 0.002897 0.001263  0.041207  0.394793 0.000274 296.0 15.3 291.2 0.000000 0.000000  0.0   0.0 0.109323  -99
2012  13  64  9.10 1.160 0.767 0.002263 0.000987  0.042194  0.393806 0.000109 337.6 15.2 291.9 0.000000 0.000000  0.0   0.0 0.110200  -99
2012  14  65  5.10 0.884 0.709 0.001963 0.000856  0.043050  0.392950 0.000001 365.3 15.0 293.0 0.000000 0.000000  0.0   0.0 0.111055  -99
