 Run: data/cwarner/auto2012b          
 
			Max	Min	Mean	Max	Min	Mean	Max	Min	Mean	Max	Min	Mean	Max	Min	Mean	Max	Min	Mean	Max	Min	Mean	Max	Min	Mean	Max	Min	Mean	Max	Min	Mean	Max	Min	Mean	Max	Min	Mean	Max	Min	Mean	Max	Min	Mean	Max	Min	Mean	Max	Min	Mean
DOY	Day	Ndays	d_TW	d_TW	d_TW	d_RW	d_RW	d_RW	TW	TW	TW	RW	RW	RW	N_TOP	N_TOP	N_TOP	N_ROOT	N_ROOT	N_ROOT	Tact	Tact	Tact	Ract	Ract	Ract	Topt	Topt	Topt	Ropt	Ropt	Ropt	NDemand	NDemand	NDemand	NUptake	NUptake	NUptake	NSupply	NSupply	NSupply	NSUF	NSUF	NSUF	WSUF	WSUF	WSUF	NupCum	NupCum	NupCum
289	1	1	0.00112	0.00112	0.00112	0.01933	0.01933	0.01933	1.6	1.6	1.6	1.1	1.1	1.1	0.01921	0.01921	0.01921	0.01088	0.01088	0.01088	1.21	1.21	1.21	1.01	1.01	1.01	1.21	1.21	1.21	1.01	1.01	1.01	0.00055	0.00055	0.00055	0.00055	0.00055	0.00055	0.00332	0.00332	0.00332	1.000	1.000	1	1.000	1.000	1	0.001	0.001	0.001
316	2	1	0.00112	0.00112	0.00112	0.01873	0.01873	0.01873	1.6	1.6	1.6	1.1	1.1	1.1	0.01925	0.01925	0.01925	0.01109	0.01109	0.01109	1.21	1.21	1.21	1.01	1.01	1.01	1.21	1.21	1.21	1.01	1.01	1.01	0.00024	0.00024	0.00024	0.00024	0.00024	0.00024	0.00336	0.00336	0.00336	1.000	1.000	1	1.000	1.000	1	0.001	0.001	0.001
317	3	1	0.00112	0.00112	0.00112	0.04666	0.04666	0.04666	1.6	1.6	1.6	1.1	1.1	1.1	0.01936	0.01936	0.01936	0.01163	0.01163	0.01163	1.22	1.22	1.22	1.02	1.02	1.02	1.22	1.22	1.22	1.02	1.02	1.02	0.00064	0.00064	0.00064	0.00064	0.00064	0.00064	0.00341	0.00341	0.00341	1.000	1.000	1	1.000	1.000	1	0.001	0.001	0.001
318	4	1	0.00112	0.00112	0.00112	0.04898	0.04898	0.04898	1.6	1.6	1.6	1.2	1.2	1.2	0.01949	0.01949	0.01949	0.01222	0.01222	0.01222	1.23	1.23	1.23	1.03	1.03	1.03	1.23	1.23	1.23	1.03	1.03	1.03	0.00072	0.00072	0.00072	0.00072	0.00072	0.00072	0.00355	0.00355	0.00355	1.000	1.000	1	1.000	1.000	1	0.002	0.002	0.002
319	5	1	0.00112	0.00112	0.00112	0.04593	0.04593	0.04593	1.6	1.6	1.6	1.2	1.2	1.2	0.01968	0.01968	0.01968	0.01283	0.01283	0.01283	1.24	1.24	1.24	1.04	1.04	1.04	1.24	1.24	1.24	1.04	1.04	1.04	0.00079	0.00079	0.00079	0.00079	0.00079	0.00079	0.00369	0.00369	0.00369	1.000	1.000	1	1.000	1.000	1	0.003	0.003	0.003
320	6	1	0.00112	0.00112	0.00112	0.04478	0.04478	0.04478	1.6	1.6	1.6	1.3	1.3	1.3	0.01990	0.01990	0.01990	0.01346	0.01346	0.01346	1.25	1.25	1.25	1.05	1.05	1.05	1.25	1.25	1.25	1.05	1.05	1.05	0.00085	0.00085	0.00085	0.00085	0.00085	0.00085	0.00383	0.00383	0.00383	1.000	1.000	1	1.000	1.000	1	0.004	0.004	0.004
321	7	1	0.00112	0.00112	0.00112	0.03912	0.03912	0.03912	1.6	1.6	1.6	1.3	1.3	1.3	0.02008	0.02008	0.02008	0.01401	0.01401	0.01401	1.26	1.26	1.26	1.06	1.06	1.06	1.26	1.26	1.26	1.06	1.06	1.06	0.00072	0.00072	0.00072	0.00072	0.00072	0.00072	0.00396	0.00396	0.00396	1.000	1.000	1	1.000	1.000	1	0.005	0.005	0.005
322	8	1	0.00112	0.00112	0.00112	0.03190	0.03190	0.03190	1.6	1.6	1.6	1.4	1.4	1.4	0.02020	0.02020	0.02020	0.01444	0.01444	0.01444	1.27	1.27	1.27	1.07	1.07	1.07	1.27	1.27	1.27	1.07	1.07	1.07	0.00055	0.00055	0.00055	0.00055	0.00055	0.00055	0.00400	0.00400	0.00400	1.000	1.000	1	1.000	1.000	1	0.005	0.005	0.005
323	9	1	0.00112	0.00112	0.00112	0.04352	0.04352	0.04352	1.6	1.6	1.6	1.4	1.4	1.4	0.02036	0.02036	0.02036	0.01503	0.01503	0.01503	1.28	1.28	1.28	1.08	1.08	1.08	1.28	1.28	1.28	1.08	1.08	1.08	0.00074	0.00074	0.00074	0.00074	0.00074	0.00074	0.00410	0.00410	0.00410	1.000	1.000	1	1.000	1.000	1	0.006	0.006	0.006
324	10	1	0.00112	0.00112	0.00112	0.01728	0.01728	0.01728	1.6	1.6	1.6	1.4	1.4	1.4	0.02053	0.02053	0.02053	0.01536	0.01536	0.01536	1.29	1.29	1.29	1.09	1.09	1.09	1.29	1.29	1.29	1.09	1.09	1.09	0.00050	0.00050	0.00050	0.00050	0.00050	0.00050	0.00422	0.00422	0.00422	1.000	1.000	1	1.000	1.000	1	0.006	0.006	0.006
325	11	1	0.00564	0.00564	0.00564	0.04404	0.04404	0.04404	1.6	1.6	1.6	1.5	1.5	1.5	0.02076	0.02076	0.02076	0.01598	0.01598	0.01598	1.30	1.30	1.3	1.10	1.10	1.1	1.30	1.30	1.3	1.10	1.10	1.1	0.00084	0.00084	0.00084	0.00084	0.00084	0.00084	0.00427	0.00427	0.00427	1.000	1.000	1	1.000	1.000	1	0.007	0.007	0.007
326	12	1	0.00774	0.00774	0.00774	0.04281	0.04281	0.04281	1.6	1.6	1.6	1.5	1.5	1.5	0.02103	0.02103	0.02103	0.01660	0.01660	0.01660	1.31	1.31	1.31	1.11	1.11	1.11	1.31	1.31	1.31	1.11	1.11	1.11	0.00089	0.00089	0.00089	0.00089	0.00089	0.00089	0.00440	0.00440	0.00440	1.000	1.000	1	1.000	1.000	1	0.008	0.008	0.008
327	13	1	0.00985	0.00985	0.00985	0.03389	0.03389	0.03389	1.6	1.6	1.6	1.5	1.5	1.5	0.02133	0.02133	0.02133	0.01714	0.01714	0.01714	1.32	1.32	1.32	1.12	1.12	1.12	1.32	1.32	1.32	1.12	1.12	1.12	0.00083	0.00083	0.00083	0.00083	0.00083	0.00083	0.00452	0.00452	0.00452	1.000	1.000	1	1.000	1.000	1	0.009	0.009	0.009
328	14	1	0.00951	0.00951	0.00951	0.02647	0.02647	0.02647	1.6	1.6	1.6	1.6	1.6	1.6	0.02159	0.02159	0.02159	0.01757	0.01757	0.01757	1.33	1.33	1.33	1.13	1.13	1.13	1.33	1.33	1.33	1.13	1.13	1.13	0.00068	0.00068	0.00068	0.00068	0.00068	0.00068	0.00456	0.00456	0.00456	1.000	1.000	1	1.000	1.000	1	0.010	0.010	0.01
329	15	1	0.01069	0.01069	0.01069	0.04265	0.04265	0.04265	1.6	1.6	1.6	1.6	1.6	1.6	0.02186	0.02186	0.02186	0.01818	0.01818	0.01818	1.34	1.34	1.34	1.14	1.14	1.14	1.34	1.34	1.34	1.14	1.14	1.14	0.00088	0.00088	0.00088	0.00088	0.00088	0.00088	0.00463	0.00463	0.00463	1.000	1.000	1	1.000	1.000	1	0.011	0.011	0.011
330	16	1	0.01336	0.01336	0.01336	0.04039	0.04039	0.04039	1.7	1.7	1.7	1.6	1.6	1.6	0.02219	0.02219	0.02219	0.01878	0.01878	0.01878	1.34	1.34	1.34	1.14	1.14	1.14	1.34	1.34	1.34	1.14	1.14	1.14	0.00093	0.00093	0.00093	0.00093	0.00093	0.00093	0.00475	0.00475	0.00475	1.000	1.000	1	1.000	1.000	1	0.011	0.011	0.011
331	17	1	0.01713	0.01713	0.01713	0.03961	0.03961	0.03961	1.7	1.7	1.7	1.7	1.7	1.7	0.02259	0.02259	0.02259	0.01941	0.01941	0.01941	1.35	1.35	1.35	1.15	1.15	1.15	1.35	1.35	1.35	1.15	1.15	1.15	0.00102	0.00102	0.00102	0.00102	0.00102	0.00102	0.00487	0.00487	0.00487	1.000	1.000	1	1.000	1.000	1	0.012	0.012	0.012
332	18	1	0.01817	0.01817	0.01817	0.03972	0.03972	0.03972	1.7	1.7	1.7	1.7	1.7	1.7	0.02299	0.02299	0.02299	0.02003	0.02003	0.02003	1.36	1.36	1.36	1.16	1.16	1.16	1.36	1.36	1.36	1.16	1.16	1.16	0.00102	0.00102	0.00102	0.00102	0.00102	0.00102	0.00499	0.00499	0.00499	1.000	1.000	1	1.000	1.000	1	0.013	0.013	0.013
333	19	1	0.01265	0.01265	0.01265	0.00355	0.00355	0.00355	1.7	1.7	1.7	1.7	1.7	1.7	0.02327	0.02327	0.02327	0.02017	0.02017	0.02017	1.37	1.37	1.37	1.17	1.17	1.17	1.37	1.37	1.37	1.17	1.17	1.17	0.00041	0.00041	0.00041	0.00041	0.00041	0.00041	0.00508	0.00508	0.00508	1.000	1.000	1	1.000	1.000	1	0.014	0.014	0.014
334	20	1	0.00329	0.00329	0.00329	0.00036	0.00036	0.00036	1.7	1.7	1.7	1.7	1.7	1.7	0.02335	0.02335	0.02335	0.02021	0.02021	0.02021	1.37	1.37	1.37	1.17	1.17	1.17	1.37	1.37	1.37	1.17	1.17	1.17	0.00012	0.00012	0.00012	0.00012	0.00012	0.00012	0.00509	0.00509	0.00509	1.000	1.000	1	1.000	1.000	1	0.014	0.014	0.014
335	21	1	0.00617	0.00617	0.00617	0.00890	0.00890	0.00890	1.7	1.7	1.7	1.7	1.7	1.7	0.02348	0.02348	0.02348	0.02036	0.02036	0.02036	1.37	1.37	1.37	1.17	1.17	1.17	1.37	1.37	1.37	1.17	1.17	1.17	0.00027	0.00027	0.00027	0.00027	0.00027	0.00027	0.00510	0.00510	0.00510	1.000	1.000	1	1.000	1.000	1	0.014	0.014	0.014
336	22	1	0.01245	0.01245	0.01245	0.02775	0.02775	0.02775	1.7	1.7	1.7	1.8	1.8	1.8	0.02374	0.02374	0.02374	0.02078	0.02078	0.02078	1.38	1.38	1.38	1.18	1.18	1.18	1.38	1.38	1.38	1.18	1.18	1.18	0.00067	0.00067	0.00067	0.00067	0.00067	0.00067	0.00513	0.00513	0.00513	1.000	1.000	1	1.000	1.000	1	0.015	0.015	0.015
337	23	1	0.01596	0.01596	0.01596	0.03587	0.03587	0.03587	1.7	1.7	1.7	1.8	1.8	1.8	0.02407	0.02407	0.02407	0.02131	0.02131	0.02131	1.39	1.39	1.39	1.19	1.19	1.19	1.39	1.39	1.39	1.19	1.19	1.19	0.00086	0.00086	0.00086	0.00086	0.00086	0.00086	0.00521	0.00521	0.00521	1.000	1.000	1	1.000	1.000	1	0.016	0.016	0.016
338	24	1	0.02777	0.02777	0.02777	0.03625	0.03625	0.03625	1.8	1.8	1.8	1.8	1.8	1.8	0.02463	0.02463	0.02463	0.02193	0.02193	0.02193	1.40	1.40	1.4	1.20	1.20	1.2	1.40	1.40	1.4	1.20	1.20	1.2	0.00118	0.00118	0.00118	0.00118	0.00118	0.00118	0.00532	0.00532	0.00532	1.000	1.000	1	1.000	1.000	1	0.017	0.017	0.017
339	25	1	0.02353	0.02353	0.02353	0.02417	0.02417	0.02417	1.8	1.8	1.8	1.9	1.9	1.9	0.02510	0.02510	0.02510	0.02237	0.02237	0.02237	1.40	1.40	1.4	1.20	1.20	1.2	1.40	1.40	1.4	1.20	1.20	1.2	0.00090	0.00090	0.00090	0.00090	0.00090	0.00090	0.00542	0.00542	0.00542	1.000	1.000	1	1.000	1.000	1	0.018	0.018	0.018
340	26	1	0.03428	0.03428	0.03428	0.03461	0.03461	0.03461	1.8	1.8	1.8	1.9	1.9	1.9	0.02577	0.02577	0.02577	0.02298	0.02298	0.02298	1.41	1.41	1.41	1.21	1.21	1.21	1.41	1.41	1.41	1.21	1.21	1.21	0.00129	0.00129	0.00129	0.00129	0.00129	0.00129	0.00550	0.00550	0.00550	1.000	1.000	1	1.000	1.000	1	0.019	0.019	0.019
341	27	1	0.01992	0.01992	0.01992	0.03351	0.03351	0.03351	1.8	1.8	1.8	1.9	1.9	1.9	0.02616	0.02616	0.02616	0.02350	0.02350	0.02350	1.42	1.42	1.42	1.22	1.22	1.22	1.42	1.42	1.42	1.22	1.22	1.22	0.00090	0.00090	0.00090	0.00090	0.00090	0.00090	0.00560	0.00560	0.00560	1.000	1.000	1	1.000	1.000	1	0.020	0.020	0.02
342	28	1	0.00000	0.00000	0	0.00000	0.00000	0	1.8	1.8	1.8	1.9	1.9	1.9	0.02620	0.02620	0.02620	0.02354	0.02354	0.02354	1.42	1.42	1.42	1.22	1.22	1.22	1.42	1.42	1.42	1.22	1.22	1.22	0.00007	0.00007	7.E-5	0.00007	0.00007	7.E-5	0.00568	0.00568	0.00568	1.000	1.000	1	1.000	1.000	1	0.020	0.020	0.02
343	29	1	0.03081	0.03081	0.03081	0.03556	0.03556	0.03556	1.9	1.9	1.9	2.0	2.0	2	0.02679	0.02679	0.02679	0.02413	0.02413	0.02413	1.43	1.43	1.43	1.23	1.23	1.23	1.43	1.43	1.43	1.23	1.23	1.23	0.00119	0.00119	0.00119	0.00119	0.00119	0.00119	0.00569	0.00569	0.00569	1.000	1.000	1	1.000	1.000	1	0.021	0.021	0.021
344	30	1	0.03109	0.03109	0.03109	0.01365	0.01365	0.01365	1.9	1.9	1.9	2.0	2.0	2	0.02738	0.02738	0.02738	0.02446	0.02446	0.02446	1.44	1.44	1.44	1.24	1.24	1.24	1.44	1.44	1.44	1.24	1.24	1.24	0.00091	0.00091	0.00091	0.00091	0.00091	0.00091	0.00580	0.00580	0.0058	1.000	1.000	1	1.000	1.000	1	0.022	0.022	0.022
345	31	1	0.02361	0.02361	0.02361	0.00262	0.00262	0.00262	1.9	1.9	1.9	2.0	2.0	2	0.02789	0.02789	0.02789	0.02466	0.02466	0.02466	1.45	1.45	1.45	1.25	1.25	1.25	1.45	1.45	1.45	1.25	1.25	1.25	0.00070	0.00070	0.00070	0.00070	0.00070	0.00070	0.00584	0.00584	0.00584	1.000	1.000	1	1.000	1.000	1	0.023	0.023	0.023
346	32	1	0.03203	0.03203	0.03203	0.00355	0.00355	0.00355	2.0	2.0	2	2.0	2.0	2	0.02852	0.02852	0.02852	0.02487	0.02487	0.02487	1.46	1.46	1.46	1.26	1.26	1.26	1.46	1.46	1.46	1.26	1.26	1.26	0.00083	0.00083	0.00083	0.00083	0.00083	0.00083	0.00586	0.00586	0.00586	1.000	1.000	1	1.000	1.000	1	0.024	0.024	0.024
347	33	1	0.01488	0.01488	0.01488	0.00165	0.00165	0.00165	2.0	2.0	2	2.0	2.0	2	0.02890	0.02890	0.02890	0.02506	0.02506	0.02506	1.46	1.46	1.46	1.26	1.26	1.26	1.46	1.46	1.46	1.26	1.26	1.26	0.00058	0.00058	0.00058	0.00058	0.00058	0.00058	0.00579	0.00579	0.00579	1.000	1.000	1	1.000	1.000	1	0.024	0.024	0.024
348	34	1	0.03510	0.03510	0.03510	0.01804	0.01804	0.01804	2.0	2.0	2	2.0	2.0	2	0.02957	0.02957	0.02957	0.02544	0.02544	0.02544	1.47	1.47	1.47	1.27	1.27	1.27	1.47	1.47	1.47	1.27	1.27	1.27	0.00104	0.00104	0.00104	0.00104	0.00104	0.00104	0.00581	0.00581	0.00581	1.000	1.000	1	1.000	1.000	1	0.025	0.025	0.025
349	35	1	0.03718	0.03718	0.03718	0.03789	0.03789	0.03789	2.0	2.0	2	2.0	2.0	2	0.03027	0.03027	0.03027	0.02607	0.02607	0.02607	1.48	1.48	1.48	1.28	1.28	1.28	1.48	1.48	1.48	1.28	1.28	1.28	0.00133	0.00133	0.00133	0.00133	0.00133	0.00133	0.00587	0.00587	0.00587	1.000	1.000	1	1.000	1.000	1	0.027	0.027	0.027
350	36	1	0.04104	0.04104	0.04104	0.03482	0.03482	0.03482	2.1	2.1	2.1	2.1	2.1	2.1	0.03104	0.03104	0.03104	0.02668	0.02668	0.02668	1.49	1.49	1.49	1.29	1.29	1.29	1.49	1.49	1.49	1.29	1.29	1.29	0.00138	0.00138	0.00138	0.00138	0.00138	0.00138	0.00598	0.00598	0.00598	1.000	1.000	1	1.000	1.000	1	0.028	0.028	0.028
351	37	1	0.04403	0.04403	0.04403	0.02756	0.02756	0.02756	2.1	2.1	2.1	2.1	2.1	2.1	0.03187	0.03187	0.03187	0.02721	0.02721	0.02721	1.49	1.49	1.49	1.29	1.29	1.29	1.49	1.49	1.49	1.29	1.29	1.29	0.00135	0.00135	0.00135	0.00135	0.00135	0.00135	0.00609	0.00609	0.00609	1.000	1.000	1	1.000	1.000	1	0.030	0.030	0.03
352	38	1	0.02422	0.02422	0.02422	0.00710	0.00710	0.00710	2.2	2.2	2.2	2.1	2.1	2.1	0.03232	0.03232	0.03232	0.02739	0.02739	0.02739	1.50	1.50	1.5	1.30	1.30	1.3	1.50	1.50	1.5	1.30	1.30	1.3	0.00063	0.00063	0.00063	0.00063	0.00063	0.00063	0.00618	0.00618	0.00618	1.000	1.000	1	1.000	1.000	1	0.030	0.030	0.03
353	39	1	0.02710	0.02710	0.02710	0.03088	0.03088	0.03088	2.2	2.2	2.2	2.1	2.1	2.1	0.03283	0.03283	0.03283	0.02789	0.02789	0.02789	1.50	1.50	1.5	1.30	1.30	1.3	1.50	1.50	1.5	1.30	1.30	1.3	0.00100	0.00100	0.00100	0.00100	0.00100	0.00100	0.00621	0.00621	0.00621	1.000	1.000	1	1.000	1.000	1	0.031	0.031	0.031
354	40	1	0.04409	0.04409	0.04409	0.03851	0.03851	0.03851	2.2	2.2	2.2	2.2	2.2	2.2	0.03365	0.03365	0.03365	0.02855	0.02855	0.02855	1.51	1.51	1.51	1.31	1.31	1.31	1.51	1.51	1.51	1.31	1.31	1.31	0.00148	0.00148	0.00148	0.00148	0.00148	0.00148	0.00630	0.00630	0.00630	1.000	1.000	1	1.000	1.000	1	0.033	0.033	0.033
355	41	1	0.06808	0.06808	0.06808	0.03007	0.03007	0.03007	2.3	2.3	2.3	2.2	2.2	2.2	0.03493	0.03493	0.03493	0.02918	0.02918	0.02918	1.52	1.52	1.52	1.32	1.32	1.32	1.52	1.52	1.52	1.32	1.32	1.32	0.00190	0.00190	0.00190	0.00190	0.00190	0.00190	0.00642	0.00642	0.00642	1.000	1.000	1	1.000	1.000	1	0.035	0.035	0.035
356	42	1	0.06451	0.06451	0.06451	0.01185	0.01185	0.01185	2.4	2.4	2.4	2.2	2.2	2.2	0.03614	0.03614	0.03614	0.02955	0.02955	0.02955	1.53	1.53	1.53	1.33	1.33	1.33	1.53	1.53	1.53	1.33	1.33	1.33	0.00157	0.00157	0.00157	0.00157	0.00157	0.00157	0.00652	0.00652	0.00652	1.000	1.000	1	1.000	1.000	1	0.036	0.036	0.036
357	43	1	0.08793	0.08793	0.08793	0.02520	0.02520	0.02520	2.4	2.4	2.4	2.2	2.2	2.2	0.03779	0.03779	0.03779	0.03016	0.03016	0.03016	1.54	1.54	1.54	1.34	1.34	1.34	1.54	1.54	1.54	1.34	1.34	1.34	0.00226	0.00226	0.00226	0.00226	0.00226	0.00226	0.00657	0.00657	0.00657	1.000	1.000	1	1.000	1.000	1	0.038	0.038	0.038
358	44	1	0.08419	0.08419	0.08419	0.01383	0.01383	0.01383	2.5	2.5	2.5	2.3	2.3	2.3	0.03937	0.03937	0.03937	0.03060	0.03060	0.03060	1.55	1.55	1.55	1.35	1.35	1.35	1.55	1.55	1.55	1.35	1.35	1.35	0.00202	0.00202	0.00202	0.00202	0.00202	0.00202	0.00666	0.00666	0.00666	1.000	1.000	1	1.000	1.000	1	0.040	0.040	0.04
359	45	1	0.08197	0.08197	0.08197	0.03068	0.03068	0.03068	2.6	2.6	2.6	2.3	2.3	2.3	0.04092	0.04092	0.04092	0.03126	0.03126	0.03126	1.57	1.57	1.57	1.37	1.37	1.37	1.57	1.57	1.57	1.37	1.37	1.37	0.00219	0.00219	0.00219	0.00219	0.00219	0.00219	0.00672	0.00672	0.00672	1.000	1.000	1	1.000	1.000	1	0.043	0.043	0.043
360	46	1	0.08104	0.08104	0.08104	0.01819	0.01819	0.01819	2.7	2.7	2.7	2.3	2.3	2.3	0.04245	0.04245	0.04245	0.03173	0.03173	0.03173	1.57	1.57	1.57	1.37	1.37	1.37	1.57	1.57	1.57	1.37	1.37	1.37	0.00200	0.00200	0.00200	0.00200	0.00200	0.00200	0.00682	0.00682	0.00682	1.000	1.000	1	1.000	1.000	1	0.045	0.045	0.045
361	47	1	0.06711	0.06711	0.06711	0.02738	0.02738	0.02738	2.8	2.8	2.8	2.3	2.3	2.3	0.04372	0.04372	0.04372	0.03229	0.03229	0.03229	1.58	1.58	1.58	1.38	1.38	1.38	1.58	1.58	1.58	1.38	1.38	1.38	0.00182	0.00182	0.00182	0.00182	0.00182	0.00182	0.00688	0.00688	0.00688	1.000	1.000	1	1.000	1.000	1	0.046	0.046	0.046
362	48	1	0.01143	0.01143	0.01143	0.00127	0.00127	0.00127	2.8	2.8	2.8	2.3	2.3	2.3	0.04398	0.04398	0.04398	0.03237	0.03237	0.03237	1.59	1.59	1.59	1.39	1.39	1.39	1.59	1.59	1.59	1.39	1.39	1.39	0.00034	0.00034	0.00034	0.00034	0.00034	0.00034	0.00692	0.00692	0.00692	1.000	1.000	1	1.000	1.000	1	0.047	0.047	0.047
363	49	1	0.04062	0.04062	0.04062	0.01517	0.01517	0.01517	2.8	2.8	2.8	2.4	2.4	2.4	0.04475	0.04475	0.04475	0.03269	0.03269	0.03269	1.59	1.59	1.59	1.39	1.39	1.39	1.59	1.59	1.59	1.39	1.39	1.39	0.00108	0.00108	0.00108	0.00108	0.00108	0.00108	0.00694	0.00694	0.00694	1.000	1.000	1	1.000	1.000	1	0.048	0.048	0.048
364	50	1	0.04396	0.04396	0.04396	0.02629	0.02629	0.02629	2.9	2.9	2.9	2.4	2.4	2.4	0.04558	0.04558	0.04558	0.03317	0.03317	0.03317	1.59	1.59	1.59	1.39	1.39	1.39	1.59	1.59	1.59	1.39	1.39	1.39	0.00131	0.00131	0.00131	0.00131	0.00131	0.00131	0.00699	0.00699	0.00699	1.000	1.000	1	1.000	1.000	1	0.049	0.049	0.049
365	51	1	0.07634	0.07634	0.07634	0.01682	0.01682	0.01682	2.9	2.9	2.9	2.4	2.4	2.4	0.04704	0.04704	0.04704	0.03359	0.03359	0.03359	1.60	1.60	1.6	1.40	1.40	1.4	1.60	1.60	1.6	1.40	1.40	1.4	0.00188	0.00188	0.00188	0.00188	0.00188	0.00188	0.00708	0.00708	0.00708	1.000	1.000	1	1.000	1.000	1	0.051	0.051	0.051
1	52	1	0.07633	0.07633	0.07633	0.03945	0.03945	0.03945	3.0	3.0	3	2.4	2.4	2.4	0.04850	0.04850	0.04850	0.03434	0.03434	0.03434	1.61	1.61	1.61	1.41	1.41	1.41	1.61	1.61	1.61	1.41	1.41	1.41	0.00220	0.00220	0.00220	0.00220	0.00220	0.00220	0.00714	0.00714	0.00714	1.000	1.000	1	1.000	1.000	1	0.053	0.053	0.053
2	53	1	0.05478	0.05478	0.05478	0.01476	0.01476	0.01476	3.1	3.1	3.1	2.4	2.4	2.4	0.04955	0.04955	0.04955	0.03468	0.03468	0.03468	1.62	1.62	1.62	1.42	1.42	1.42	1.62	1.62	1.62	1.42	1.42	1.42	0.00139	0.00139	0.00139	0.00139	0.00139	0.00139	0.00727	0.00727	0.00727	1.000	1.000	1	1.000	1.000	1	0.055	0.055	0.055
3	54	1	0.00000	0.00000	0	0.00000	0.00000	0	3.1	3.1	3.1	2.4	2.4	2.4	0.04955	0.04955	0.04955	0.03468	0.03468	0.03468	1.62	1.62	1.62	1.42	1.42	1.42	1.62	1.62	1.62	1.42	1.42	1.42	0.00000	0.00000	7.E-6	0.00000	0.00000	7.E-6	0.00732	0.00732	0.00732	1.000	1.000	1	1.000	1.000	1	0.055	0.055	0.055
4	55	1	0.00000	0.00000	0	0.00000	0.00000	0	3.1	3.1	3.1	2.4	2.4	2.4	0.04955	0.04955	0.04955	0.03469	0.03469	0.03469	1.62	1.62	1.62	1.42	1.42	1.42	1.62	1.62	1.62	1.42	1.42	1.42	0.00000	0.00000	7.E-6	0.00000	0.00000	7.E-6	0.00733	0.00733	0.00733	1.000	1.000	1	1.000	1.000	1	0.055	0.055	0.055
5	56	1	0.00968	0.00968	0.00968	0.00107	0.00107	0.00107	3.1	3.1	3.1	2.5	2.5	2.5	0.04975	0.04975	0.04975	0.03473	0.03473	0.03473	1.62	1.62	1.62	1.42	1.42	1.42	1.62	1.62	1.62	1.42	1.42	1.42	0.00024	0.00024	0.00024	0.00024	0.00024	0.00024	0.00735	0.00735	0.00735	1.000	1.000	1	1.000	1.000	1	0.055	0.055	0.055
6	57	1	0.05488	0.05488	0.05488	0.03124	0.03124	0.03124	3.1	3.1	3.1	2.5	2.5	2.5	0.05080	0.05080	0.05080	0.03531	0.03531	0.03531	1.62	1.62	1.62	1.42	1.42	1.42	1.62	1.62	1.62	1.42	1.42	1.42	0.00162	0.00162	0.00162	0.00162	0.00162	0.00162	0.00737	0.00737	0.00737	1.000	1.000	1	1.000	1.000	1	0.057	0.057	0.057
7	58	1	0.06704	0.06704	0.06704	0.03994	0.03994	0.03994	3.2	3.2	3.2	2.5	2.5	2.5	0.05209	0.05209	0.05209	0.03603	0.03603	0.03603	1.63	1.63	1.63	1.43	1.43	1.43	1.63	1.63	1.63	1.43	1.43	1.43	0.00201	0.00201	0.00201	0.00201	0.00201	0.00201	0.00747	0.00747	0.00747	1.000	1.000	1	1.000	1.000	1	0.059	0.059	0.059
8	59	1	0.06221	0.06221	0.06221	0.04023	0.04023	0.04023	3.3	3.3	3.3	2.6	2.6	2.6	0.05330	0.05330	0.0533	0.03676	0.03676	0.03676	1.64	1.64	1.64	1.44	1.44	1.44	1.64	1.64	1.64	1.44	1.44	1.44	0.00192	0.00192	0.00192	0.00192	0.00192	0.00192	0.00759	0.00759	0.00759	1.000	1.000	1	1.000	1.000	1	0.061	0.061	0.061
9	60	1	0.07452	0.07452	0.07452	0.04606	0.04606	0.04606	3.3	3.3	3.3	2.6	2.6	2.6	0.05474	0.05474	0.05474	0.03759	0.03759	0.03759	1.64	1.64	1.64	1.44	1.44	1.44	1.64	1.64	1.64	1.44	1.44	1.44	0.00227	0.00227	0.00227	0.00227	0.00227	0.00227	0.00772	0.00772	0.00772	1.000	1.000	1	1.000	1.000	1	0.063	0.063	0.063
10	61	1	0.07645	0.07645	0.07645	0.04673	0.04673	0.04673	3.4	3.4	3.4	2.7	2.7	2.7	0.05622	0.05622	0.05622	0.03845	0.03845	0.03845	1.65	1.65	1.65	1.45	1.45	1.45	1.65	1.65	1.65	1.45	1.45	1.45	0.00233	0.00233	0.00233	0.00233	0.00233	0.00233	0.00786	0.00786	0.00786	1.000	1.000	1	1.000	1.000	1	0.065	0.065	0.065
