 RUN:  data/cwarner/auto2012b          
 
			Max	Min	Mean	Max	Min	Mean	Max	Min	Mean	Max	Min	Mean	Max	Min	Mean	Max	Min	Mean	Max	Min	Mean	Max	Min	Mean	Max	Min	Mean	Max	Min	Mean	Max	Min	Mean	Max	Min	Mean	Max	Min	Mean	Max	Min	Mean	Max	Min	Mean
DOY	DAY	Ndays	SubP	SubP	SubP	DrCm3	DrCm3	DrCm3	DrPconc	DrPconc	DrPconc	DrainP	DrainP	DrainP	PReleas	PReleas	PReleas	PUptake	PUptake	PUptake	CumDr	CumDr	CumDr	CumDrP	CumDrP	CumDrP	ROcm3	ROcm3	ROcm3	RO_Pcon	RO_Pcon	RO_Pcon	Ro_P	Ro_P	Ro_P	CumRoP	CumRoP	CumRoP	THRU_P	THRU_P	THRU_P	IrP	IrP	IrP	CumIrP	CumIrP	CumIrP
289	1	1	0.08614	0.08614	0.08614	65.5	65.5	65.5	0.00001	0.00001	1.E-5	0.00098	0.00098	0.00098	0.00000	0.00000	0	0.00007	0.00007	7.E-5	65.5	65.5	65.5	0.00098	0.00098	0.00098	74.3	74.3	74.3	0.00001	0.00001	1.E-5	0.00098	0.00098	0.00098	0.00098	0.00098	0.00098	0.00000	0.00000	0	0.00000	0.00000	0	0.00000	0.00000	0
316	2	1	0.08614	0.08614	0.08614	0.0	0.0	0	0.00000	0.00000	0	0.00000	0.00000	0	0.00003	0.00003	3.E-5	0.00003	0.00003	3.E-5	65.5	65.5	65.5	0.00098	0.00098	0.00098	0.0	0.0	0	0.00000	0.00000	0	0.00000	0.00000	0	0.00098	0.00098	0.00098	0.00000	0.00000	0	0.00000	0.00000	0	0.00000	0.00000	0
317	3	1	0.08611	0.08611	0.08611	0.0	0.0	0	0.00000	0.00000	0	0.00000	0.00000	0	0.00006	0.00006	6.E-5	0.00008	0.00008	8.E-5	65.5	65.5	65.5	0.00098	0.00098	0.00098	6.8	6.8	6.8	0.00000	0.00000	0	0.00000	0.00000	0	0.00098	0.00098	0.00098	0.00000	0.00000	0	0.00000	0.00000	0	0.00000	0.00000	0
318	4	1	0.08611	0.08611	0.08611	0.0	0.0	0	0.00000	0.00000	0	0.00000	0.00000	0	0.00009	0.00009	9.E-5	0.00009	0.00009	9.E-5	65.5	65.5	65.5	0.00098	0.00098	0.00098	7.4	7.4	7.4	0.00000	0.00000	0	0.00000	0.00000	0	0.00098	0.00098	0.00098	0.00000	0.00000	0	0.00000	0.00000	0	0.00000	0.00000	0
319	5	1	0.08616	0.08616	0.08616	0.0	0.0	0	0.00000	0.00000	0	0.00000	0.00000	0	0.00015	0.00015	0.00015	0.00010	0.00010	0.00010	65.5	65.5	65.5	0.00098	0.00098	0.00098	8.6	8.6	8.6	0.00000	0.00000	0	0.00000	0.00000	0	0.00098	0.00098	0.00098	0.00000	0.00000	0	0.00000	0.00000	0	0.00000	0.00000	0
320	6	1	0.08626	0.08626	0.08626	0.0	0.0	0	0.00000	0.00000	0	0.00000	0.00000	0	0.00022	0.00022	0.00022	0.00011	0.00011	0.00011	65.5	65.5	65.5	0.00098	0.00098	0.00098	7.2	7.2	7.2	0.00000	0.00000	0	0.00000	0.00000	0	0.00098	0.00098	0.00098	0.00000	0.00000	0	0.00000	0.00000	0	0.00000	0.00000	0
321	7	1	0.08413	0.08413	0.08413	271.4	271.4	271.4	0.00000	0.00000	8.E-6	0.00221	0.00221	0.00221	0.00018	0.00018	0.00018	0.00009	0.00009	9.E-5	336.8	336.8	336.8	0.00319	0.00319	0.00319	311.2	311.2	311.2	0.00000	0.00000	7.E-6	0.00221	0.00221	0.00221	0.00319	0.00319	0.00319	0.00000	0.00000	0	0.00000	0.00000	0	0.00000	0.00000	0
322	8	1	0.08421	0.08421	0.08421	0.0	0.0	0	0.00000	0.00000	0	0.00000	0.00000	0	0.00015	0.00015	0.00015	0.00007	0.00007	7.E-5	336.8	336.8	336.8	0.00319	0.00319	0.00319	0.0	0.0	0	0.00000	0.00000	0	0.00000	0.00000	0	0.00319	0.00319	0.00319	0.00000	0.00000	0	0.00000	0.00000	0	0.00000	0.00000	0
323	9	1	0.08430	0.08430	0.08430	0.0	0.0	0	0.00000	0.00000	0	0.00000	0.00000	0	0.00018	0.00018	0.00018	0.00010	0.00010	0.00010	336.8	336.8	336.8	0.00319	0.00319	0.00319	0.4	0.4	0.4	0.00000	0.00000	0	0.00000	0.00000	0	0.00319	0.00319	0.00319	0.00000	0.00000	0	0.00000	0.00000	0	0.00000	0.00000	0
324	10	1	0.08451	0.08451	0.08451	0.0	0.0	0	0.00000	0.00000	0	0.00000	0.00000	0	0.00028	0.00028	0.00028	0.00007	0.00007	7.E-5	336.8	336.8	336.8	0.00319	0.00319	0.00319	9.4	9.4	9.4	0.00000	0.00000	0	0.00000	0.00000	0	0.00319	0.00319	0.00319	0.00000	0.00000	0	0.00000	0.00000	0	0.00000	0.00000	0
325	11	1	0.08469	0.08469	0.08469	0.0	0.0	0	0.00000	0.00000	0	0.00000	0.00000	0	0.00029	0.00029	0.00029	0.00011	0.00011	0.00011	336.8	336.8	336.8	0.00319	0.00319	0.00319	0.0	0.0	0	0.00000	0.00000	0	0.00000	0.00000	0	0.00319	0.00319	0.00319	0.00000	0.00000	0	0.00000	0.00000	0	0.00000	0.00000	0
326	12	1	0.08491	0.08491	0.08491	0.0	0.0	0	0.00000	0.00000	0	0.00000	0.00000	0	0.00033	0.00033	0.00033	0.00012	0.00012	0.00012	336.8	336.8	336.8	0.00319	0.00319	0.00319	11.8	11.8	11.8	0.00000	0.00000	0	0.00000	0.00000	0	0.00319	0.00319	0.00319	0.00000	0.00000	0	0.00000	0.00000	0	0.00000	0.00000	0
327	13	1	0.08334	0.08334	0.08334	161.9	161.9	161.9	0.00001	0.00001	1.E-5	0.00178	0.00178	0.00178	0.00033	0.00033	0.00033	0.00011	0.00011	0.00011	498.7	498.7	498.7	0.00497	0.00497	0.00497	191.0	191.0	191	0.00000	0.00000	9.E-6	0.00178	0.00178	0.00178	0.00497	0.00497	0.00497	0.00000	0.00000	0	0.00000	0.00000	0	0.00000	0.00000	0
328	14	1	0.08353	0.08353	0.08353	0.0	0.0	0	0.00000	0.00000	0	0.00000	0.00000	0	0.00028	0.00028	0.00028	0.00009	0.00009	9.E-5	498.7	498.7	498.7	0.00497	0.00497	0.00497	0.0	0.0	0	0.00000	0.00000	0	0.00000	0.00000	0	0.00497	0.00497	0.00497	0.00000	0.00000	0	0.00000	0.00000	0	0.00000	0.00000	0
329	15	1	0.08375	0.08375	0.08375	0.0	0.0	0	0.00000	0.00000	0	0.00000	0.00000	0	0.00033	0.00033	0.00033	0.00011	0.00011	0.00011	498.7	498.7	498.7	0.00497	0.00497	0.00497	0.0	0.0	0	0.00000	0.00000	0	0.00000	0.00000	0	0.00497	0.00497	0.00497	0.00000	0.00000	0	0.00000	0.00000	0	0.00000	0.00000	0
330	16	1	0.08402	0.08402	0.08402	0.0	0.0	0	0.00000	0.00000	0	0.00000	0.00000	0	0.00039	0.00039	0.00039	0.00012	0.00012	0.00012	498.7	498.7	498.7	0.00497	0.00497	0.00497	10.3	10.3	10.3	0.00000	0.00000	0	0.00000	0.00000	0	0.00497	0.00497	0.00497	0.00000	0.00000	0	0.00000	0.00000	0	0.00000	0.00000	0
331	17	1	0.08435	0.08435	0.08435	0.0	0.0	0	0.00000	0.00000	0	0.00000	0.00000	0	0.00046	0.00046	0.00046	0.00013	0.00013	0.00013	498.7	498.7	498.7	0.00497	0.00497	0.00497	6.3	6.3	6.3	0.00000	0.00000	0	0.00000	0.00000	0	0.00497	0.00497	0.00497	0.00000	0.00000	0	0.00000	0.00000	0	0.00000	0.00000	0
332	18	1	0.08411	0.08411	0.08411	32.2	32.2	32.2	0.00001	0.00001	1.E-5	0.00051	0.00051	0.00051	0.00041	0.00041	0.00041	0.00013	0.00013	0.00013	530.9	530.9	530.9	0.00549	0.00549	0.00549	46.1	46.1	46.1	0.00001	0.00001	1.E-5	0.00051	0.00051	0.00051	0.00549	0.00549	0.00549	0.00000	0.00000	0	0.00000	0.00000	0	0.00000	0.00000	0
333	19	1	0.08438	0.08438	0.08438	0.0	0.0	0	0.00000	0.00000	0	0.00000	0.00000	0	0.00032	0.00032	0.00032	0.00005	0.00005	5.E-5	530.9	530.9	530.9	0.00549	0.00549	0.00549	0.4	0.4	0.4	0.00000	0.00000	0	0.00000	0.00000	0	0.00549	0.00549	0.00549	0.00000	0.00000	0	0.00000	0.00000	0	0.00000	0.00000	0
334	20	1	0.08465	0.08465	0.08465	0.0	0.0	0	0.00000	0.00000	0	0.00000	0.00000	0	0.00029	0.00029	0.00029	0.00001	0.00001	1.E-5	530.9	530.9	530.9	0.00549	0.00549	0.00549	0.0	0.0	0	0.00000	0.00000	0	0.00000	0.00000	0	0.00549	0.00549	0.00549	0.00000	0.00000	0	0.00000	0.00000	0	0.00000	0.00000	0
335	21	1	0.08494	0.08494	0.08494	0.0	0.0	0	0.00000	0.00000	0	0.00000	0.00000	0	0.00032	0.00032	0.00032	0.00003	0.00003	3.E-5	530.9	530.9	530.9	0.00549	0.00549	0.00549	7.8	7.8	7.8	0.00000	0.00000	0	0.00000	0.00000	0	0.00549	0.00549	0.00549	0.00000	0.00000	0	0.00000	0.00000	0	0.00000	0.00000	0
336	22	1	0.08525	0.08525	0.08525	0.0	0.0	0	0.00000	0.00000	0	0.00000	0.00000	0	0.00039	0.00039	0.00039	0.00009	0.00009	9.E-5	530.9	530.9	530.9	0.00549	0.00549	0.00549	0.0	0.0	0	0.00000	0.00000	0	0.00000	0.00000	0	0.00549	0.00549	0.00549	0.00000	0.00000	0	0.00000	0.00000	0	0.00000	0.00000	0
337	23	1	0.08559	0.08559	0.08559	0.0	0.0	0	0.00000	0.00000	0	0.00000	0.00000	0	0.00046	0.00046	0.00046	0.00011	0.00011	0.00011	530.9	530.9	530.9	0.00549	0.00549	0.00549	11.3	11.3	11.3	0.00000	0.00000	0	0.00000	0.00000	0	0.00549	0.00549	0.00549	0.00000	0.00000	0	0.00000	0.00000	0	0.00000	0.00000	0
338	24	1	0.08599	0.08599	0.08599	0.0	0.0	0	0.00000	0.00000	0	0.00000	0.00000	0	0.00056	0.00056	0.00056	0.00015	0.00015	0.00015	530.9	530.9	530.9	0.00549	0.00549	0.00549	6.4	6.4	6.4	0.00000	0.00000	0	0.00000	0.00000	0	0.00549	0.00549	0.00549	0.00000	0.00000	0	0.00000	0.00000	0	0.00000	0.00000	0
339	25	1	0.08646	0.08646	0.08646	0.0	0.0	0	0.00000	0.00000	0	0.00000	0.00000	0	0.00058	0.00058	0.00058	0.00012	0.00012	0.00012	530.9	530.9	530.9	0.00549	0.00549	0.00549	0.0	0.0	0	0.00000	0.00000	0	0.00000	0.00000	0	0.00549	0.00549	0.00549	0.00000	0.00000	0	0.00000	0.00000	0	0.00000	0.00000	0
340	26	1	0.08699	0.08699	0.08699	0.0	0.0	0	0.00000	0.00000	0	0.00000	0.00000	0	0.00070	0.00070	0.00070	0.00017	0.00017	0.00017	530.9	530.9	530.9	0.00549	0.00549	0.00549	10.1	10.1	10.1	0.00000	0.00000	0	0.00000	0.00000	0	0.00549	0.00549	0.00549	0.00000	0.00000	0	0.00000	0.00000	0	0.00000	0.00000	0
341	27	1	0.08691	0.08691	0.08691	31.2	31.2	31.2	0.00001	0.00001	1.E-5	0.00051	0.00051	0.00051	0.00055	0.00055	0.00055	0.00012	0.00012	0.00012	562.0	562.0	562	0.00600	0.00600	0.00600	44.0	44.0	44	0.00001	0.00001	1.E-5	0.00051	0.00051	0.00051	0.00600	0.00600	0.00600	0.00000	0.00000	0	0.00000	0.00000	0	0.00000	0.00000	0
342	28	1	0.08731	0.08731	0.08731	0.0	0.0	0	0.00000	0.00000	0	0.00000	0.00000	0	0.00040	0.00040	0.00040	0.00001	0.00001	1.E-5	562.0	562.0	562	0.00600	0.00600	0.00600	0.0	0.0	0	0.00000	0.00000	0	0.00000	0.00000	0	0.00600	0.00600	0.00600	0.00000	0.00000	0	0.00000	0.00000	0	0.00000	0.00000	0
343	29	1	0.08776	0.08776	0.08776	0.0	0.0	0	0.00000	0.00000	0	0.00000	0.00000	0	0.00061	0.00061	0.00061	0.00015	0.00015	0.00015	562.0	562.0	562	0.00600	0.00600	0.00600	0.0	0.0	0	0.00000	0.00000	0	0.00000	0.00000	0	0.00600	0.00600	0.00600	0.00000	0.00000	0	0.00000	0.00000	0	0.00000	0.00000	0
344	30	1	0.08816	0.08816	0.08816	2.0	2.0	2	0.00001	0.00001	1.E-5	0.00003	0.00003	3.E-5	0.00055	0.00055	0.00055	0.00012	0.00012	0.00012	564.1	564.1	564.1	0.00604	0.00604	0.00604	13.6	13.6	13.6	0.00000	0.00000	3.E-6	0.00003	0.00003	3.E-5	0.00604	0.00604	0.00604	0.00000	0.00000	0	0.00000	0.00000	0	0.00000	0.00000	0
345	31	1	0.08866	0.08866	0.08866	0.0	0.0	0	0.00000	0.00000	0	0.00000	0.00000	0	0.00059	0.00059	0.00059	0.00009	0.00009	9.E-5	564.1	564.1	564.1	0.00604	0.00604	0.00604	0.0	0.0	0	0.00000	0.00000	0	0.00000	0.00000	0	0.00604	0.00604	0.00604	0.00000	0.00000	0	0.00000	0.00000	0	0.00000	0.00000	0
346	32	1	0.08710	0.08710	0.08710	198.7	198.7	198.7	0.00001	0.00001	1.E-5	0.00205	0.00205	0.00205	0.00060	0.00060	0.00060	0.00011	0.00011	0.00011	762.7	762.7	762.7	0.00810	0.00810	0.00810	223.9	223.9	223.9	0.00000	0.00000	9.E-6	0.00205	0.00205	0.00205	0.00810	0.00810	0.00810	0.00000	0.00000	0	0.00000	0.00000	0	0.00000	0.00000	0
347	33	1	0.08766	0.08766	0.08766	0.0	0.0	0	0.00000	0.00000	0	0.00000	0.00000	0	0.00064	0.00064	0.00064	0.00008	0.00008	8.E-5	762.7	762.7	762.7	0.00810	0.00810	0.00810	0.0	0.0	0	0.00000	0.00000	0	0.00000	0.00000	0	0.00810	0.00810	0.00810	0.00000	0.00000	0	0.00000	0.00000	0	0.00000	0.00000	0
348	34	1	0.08825	0.08825	0.08825	0.0	0.0	0	0.00000	0.00000	0	0.00000	0.00000	0	0.00072	0.00072	0.00072	0.00013	0.00013	0.00013	762.7	762.7	762.7	0.00810	0.00810	0.00810	0.0	0.0	0	0.00000	0.00000	0	0.00000	0.00000	0	0.00810	0.00810	0.00810	0.00000	0.00000	0	0.00000	0.00000	0	0.00000	0.00000	0
349	35	1	0.08884	0.08884	0.08884	0.0	0.0	0	0.00000	0.00000	0	0.00000	0.00000	0	0.00077	0.00077	0.00077	0.00017	0.00017	0.00017	762.7	762.7	762.7	0.00810	0.00810	0.00810	0.0	0.0	0	0.00000	0.00000	0	0.00000	0.00000	0	0.00810	0.00810	0.00810	0.00000	0.00000	0	0.00000	0.00000	0	0.00000	0.00000	0
350	36	1	0.08945	0.08945	0.08945	0.0	0.0	0	0.00000	0.00000	0	0.00000	0.00000	0	0.00079	0.00079	0.00079	0.00018	0.00018	0.00018	762.7	762.7	762.7	0.00810	0.00810	0.00810	11.4	11.4	11.4	0.00000	0.00000	0	0.00000	0.00000	0	0.00810	0.00810	0.00810	0.00000	0.00000	0	0.00000	0.00000	0	0.00000	0.00000	0
351	37	1	0.09006	0.09006	0.09006	0.0	0.0	0	0.00000	0.00000	0	0.00000	0.00000	0	0.00079	0.00079	0.00079	0.00018	0.00018	0.00018	762.7	762.7	762.7	0.00810	0.00810	0.00810	0.0	0.0	0	0.00000	0.00000	0	0.00000	0.00000	0	0.00810	0.00810	0.00810	0.00000	0.00000	0	0.00000	0.00000	0	0.00000	0.00000	0
352	38	1	0.09059	0.09059	0.09059	0.0	0.0	0	0.00000	0.00000	0	0.00000	0.00000	0	0.00060	0.00060	0.00060	0.00008	0.00008	8.E-5	762.7	762.7	762.7	0.00810	0.00810	0.00810	9.7	9.7	9.7	0.00000	0.00000	0	0.00000	0.00000	0	0.00810	0.00810	0.00810	0.00000	0.00000	0	0.00000	0.00000	0	0.00000	0.00000	0
353	39	1	0.09118	0.09118	0.09118	0.0	0.0	0	0.00000	0.00000	0	0.00000	0.00000	0	0.00072	0.00072	0.00072	0.00013	0.00013	0.00013	762.7	762.7	762.7	0.00810	0.00810	0.00810	0.0	0.0	0	0.00000	0.00000	0	0.00000	0.00000	0	0.00810	0.00810	0.00810	0.00000	0.00000	0	0.00000	0.00000	0	0.00000	0.00000	0
354	40	1	0.09186	0.09186	0.09186	0.0	0.0	0	0.00000	0.00000	0	0.00000	0.00000	0	0.00087	0.00087	0.00087	0.00019	0.00019	0.00019	762.7	762.7	762.7	0.00810	0.00810	0.00810	10.1	10.1	10.1	0.00000	0.00000	0	0.00000	0.00000	0	0.00810	0.00810	0.00810	0.00000	0.00000	0	0.00000	0.00000	0	0.00000	0.00000	0
355	41	1	0.09264	0.09264	0.09264	0.0	0.0	0	0.00000	0.00000	0	0.00000	0.00000	0	0.00103	0.00103	0.00103	0.00025	0.00025	0.00025	762.7	762.7	762.7	0.00810	0.00810	0.00810	6.5	6.5	6.5	0.00000	0.00000	0	0.00000	0.00000	0	0.00810	0.00810	0.00810	0.00000	0.00000	0	0.00000	0.00000	0	0.00000	0.00000	0
356	42	1	0.09353	0.09353	0.09353	0.0	0.0	0	0.00000	0.00000	0	0.00000	0.00000	0	0.00110	0.00110	0.00110	0.00021	0.00021	0.00021	762.7	762.7	762.7	0.00810	0.00810	0.00810	0.0	0.0	0	0.00000	0.00000	0	0.00000	0.00000	0	0.00810	0.00810	0.00810	0.00000	0.00000	0	0.00000	0.00000	0	0.00000	0.00000	0
357	43	1	0.09448	0.09448	0.09448	2.0	2.0	2	0.00001	0.00001	1.E-5	0.00003	0.00003	3.E-5	0.00128	0.00128	0.00128	0.00030	0.00030	0.00030	764.8	764.8	764.8	0.00814	0.00814	0.00814	12.2	12.2	12.2	0.00000	0.00000	3.E-6	0.00003	0.00003	3.E-5	0.00814	0.00814	0.00814	0.00000	0.00000	0	0.00000	0.00000	0	0.00000	0.00000	0
358	44	1	0.09532	0.09532	0.09532	0.0	0.0	0	0.00000	0.00000	0	0.00000	0.00000	0	0.00111	0.00111	0.00111	0.00026	0.00026	0.00026	764.8	764.8	764.8	0.00814	0.00814	0.00814	0.0	0.0	0	0.00000	0.00000	0	0.00000	0.00000	0	0.00814	0.00814	0.00814	0.00000	0.00000	0	0.00000	0.00000	0	0.00000	0.00000	0
359	45	1	0.09618	0.09618	0.09618	0.0	0.0	0	0.00000	0.00000	0	0.00000	0.00000	0	0.00115	0.00115	0.00115	0.00029	0.00029	0.00029	764.8	764.8	764.8	0.00814	0.00814	0.00814	9.5	9.5	9.5	0.00000	0.00000	0	0.00000	0.00000	0	0.00814	0.00814	0.00814	0.00000	0.00000	0	0.00000	0.00000	0	0.00000	0.00000	0
360	46	1	0.09695	0.09695	0.09695	0.0	0.0	0	0.00000	0.00000	0	0.00000	0.00000	0	0.00103	0.00103	0.00103	0.00026	0.00026	0.00026	764.8	764.8	764.8	0.00814	0.00814	0.00814	0.0	0.0	0	0.00000	0.00000	0	0.00000	0.00000	0	0.00814	0.00814	0.00814	0.00000	0.00000	0	0.00000	0.00000	0	0.00000	0.00000	0
361	47	1	0.09643	0.09643	0.09643	73.5	73.5	73.5	0.00001	0.00001	1.E-5	0.00119	0.00119	0.00119	0.00092	0.00092	0.00092	0.00024	0.00024	0.00024	838.3	838.3	838.3	0.00933	0.00933	0.00933	94.0	94.0	94	0.00001	0.00001	1.E-5	0.00119	0.00119	0.00119	0.00933	0.00933	0.00933	0.00000	0.00000	0	0.00000	0.00000	0	0.00000	0.00000	0
362	48	1	0.09711	0.09711	0.09711	0.0	0.0	0	0.00000	0.00000	0	0.00000	0.00000	0	0.00072	0.00072	0.00072	0.00004	0.00004	4.E-5	838.3	838.3	838.3	0.00933	0.00933	0.00933	0.0	0.0	0	0.00000	0.00000	0	0.00000	0.00000	0	0.00933	0.00933	0.00933	0.00000	0.00000	0	0.00000	0.00000	0	0.00000	0.00000	0
363	49	1	0.09777	0.09777	0.09777	0.0	0.0	0	0.00000	0.00000	0	0.00000	0.00000	0	0.00080	0.00080	0.00080	0.00014	0.00014	0.00014	838.3	838.3	838.3	0.00933	0.00933	0.00933	0.0	0.0	0	0.00000	0.00000	0	0.00000	0.00000	0	0.00933	0.00933	0.00933	0.00000	0.00000	0	0.00000	0.00000	0	0.00000	0.00000	0
364	50	1	0.09848	0.09848	0.09848	0.0	0.0	0	0.00000	0.00000	0	0.00000	0.00000	0	0.00088	0.00088	0.00088	0.00017	0.00017	0.00017	838.3	838.3	838.3	0.00933	0.00933	0.00933	8.1	8.1	8.1	0.00000	0.00000	0	0.00000	0.00000	0	0.00933	0.00933	0.00933	0.00000	0.00000	0	0.00000	0.00000	0	0.00000	0.00000	0
365	51	1	0.09939	0.09939	0.09939	0.0	0.0	0	0.00000	0.00000	0	0.00000	0.00000	0	0.00116	0.00116	0.00116	0.00025	0.00025	0.00025	838.3	838.3	838.3	0.00933	0.00933	0.00933	0.0	0.0	0	0.00000	0.00000	0	0.00000	0.00000	0	0.00933	0.00933	0.00933	0.00000	0.00000	0	0.00000	0.00000	0	0.00000	0.00000	0
1	52	1	0.10022	0.10022	0.10022	0.0	0.0	0	0.00000	0.00000	0	0.00000	0.00000	0	0.00111	0.00111	0.00111	0.00029	0.00029	0.00029	838.3	838.3	838.3	0.00933	0.00933	0.00933	10.1	10.1	10.1	0.00000	0.00000	0	0.00000	0.00000	0	0.00933	0.00933	0.00933	0.00000	0.00000	0	0.00000	0.00000	0	0.00000	0.00000	0
2	53	1	0.10092	0.10092	0.10092	0.0	0.0	0	0.00000	0.00000	0	0.00000	0.00000	0	0.00088	0.00088	0.00088	0.00018	0.00018	0.00018	838.3	838.3	838.3	0.00933	0.00933	0.00933	2.3	2.3	2.3	0.00000	0.00000	0	0.00000	0.00000	0	0.00933	0.00933	0.00933	0.00000	0.00000	0	0.00000	0.00000	0	0.00000	0.00000	0
3	54	1	0.10154	0.10154	0.10154	0.0	0.0	0	0.00000	0.00000	0	0.00000	0.00000	0	0.00062	0.00062	0.00062	0.00000	0.00000	1.E-6	838.3	838.3	838.3	0.00933	0.00933	0.00933	7.6	7.6	7.6	0.00000	0.00000	0	0.00000	0.00000	0	0.00933	0.00933	0.00933	0.00000	0.00000	0	0.00000	0.00000	0	0.00000	0.00000	0
4	55	1	0.10221	0.10221	0.10221	0.0	0.0	0	0.00000	0.00000	0	0.00000	0.00000	0	0.00066	0.00066	0.00066	0.00000	0.00000	1.E-6	838.3	838.3	838.3	0.00933	0.00933	0.00933	0.0	0.0	0	0.00000	0.00000	0	0.00000	0.00000	0	0.00933	0.00933	0.00933	0.00000	0.00000	0	0.00000	0.00000	0	0.00000	0.00000	0
5	56	1	0.10301	0.10301	0.10301	0.0	0.0	0	0.00000	0.00000	0	0.00000	0.00000	0	0.00083	0.00083	0.00083	0.00003	0.00003	3.E-5	838.3	838.3	838.3	0.00933	0.00933	0.00933	7.4	7.4	7.4	0.00000	0.00000	0	0.00000	0.00000	0	0.00933	0.00933	0.00933	0.00000	0.00000	0	0.00000	0.00000	0	0.00000	0.00000	0
6	57	1	0.10383	0.10383	0.10383	0.0	0.0	0	0.00000	0.00000	0	0.00000	0.00000	0	0.00104	0.00104	0.00104	0.00021	0.00021	0.00021	838.3	838.3	838.3	0.00933	0.00933	0.00933	0.0	0.0	0	0.00000	0.00000	0	0.00000	0.00000	0	0.00933	0.00933	0.00933	0.00000	0.00000	0	0.00000	0.00000	0	0.00000	0.00000	0
7	58	1	0.10473	0.10473	0.10473	0.0	0.0	0	0.00000	0.00000	0	0.00000	0.00000	0	0.00116	0.00116	0.00116	0.00026	0.00026	0.00026	838.3	838.3	838.3	0.00933	0.00933	0.00933	11.0	11.0	11	0.00000	0.00000	0	0.00000	0.00000	0	0.00933	0.00933	0.00933	0.00000	0.00000	0	0.00000	0.00000	0	0.00000	0.00000	0
8	59	1	0.10568	0.10568	0.10568	0.0	0.0	0	0.00000	0.00000	0	0.00000	0.00000	0	0.00121	0.00121	0.00121	0.00025	0.00025	0.00025	838.3	838.3	838.3	0.00933	0.00933	0.00933	0.0	0.0	0	0.00000	0.00000	0	0.00000	0.00000	0	0.00933	0.00933	0.00933	0.00000	0.00000	0	0.00000	0.00000	0	0.00000	0.00000	0
9	60	1	0.10666	0.10666	0.10666	0.0	0.0	0	0.00000	0.00000	0	0.00000	0.00000	0	0.00127	0.00127	0.00127	0.00030	0.00030	0.00030	838.3	838.3	838.3	0.00933	0.00933	0.00933	12.0	12.0	12	0.00000	0.00000	0	0.00000	0.00000	0	0.00933	0.00933	0.00933	0.00000	0.00000	0	0.00000	0.00000	0	0.00000	0.00000	0
10	61	1	0.10764	0.10764	0.10764	0.0	0.0	0	0.00000	0.00000	0	0.00000	0.00000	0	0.00129	0.00129	0.00129	0.00031	0.00031	0.00031	838.3	838.3	838.3	0.00933	0.00933	0.00933	6.7	6.7	6.7	0.00000	0.00000	0	0.00000	0.00000	0	0.00933	0.00933	0.00933	0.00000	0.00000	0	0.00000	0.00000	0	0.00000	0.00000	0
